1.815736532211303711e+00
1.824034571647644043e+00
1.825173020362854004e+00
1.837114453315734863e+00
1.843384265899658203e+00
1.827722311019897461e+00
1.824555039405822754e+00
1.832061171531677246e+00
1.826449394226074219e+00
1.800520300865173340e+00
1.789833188056945801e+00
1.777047276496887207e+00
1.808822631835937500e+00
1.824987769126892090e+00
1.808503866195678711e+00
1.814471840858459473e+00
1.808711886405944824e+00
1.805353045463562012e+00
1.820137143135070801e+00
1.821424722671508789e+00
1.841223597526550293e+00
1.825771689414978027e+00
1.797437906265258789e+00
1.800396323204040527e+00
1.798509836196899414e+00
1.807127356529235840e+00
1.799775838851928711e+00
1.797129511833190918e+00
1.795140027999877930e+00
1.798043489456176758e+00
1.795399427413940430e+00
1.797390460968017578e+00
1.800026416778564453e+00
1.809387564659118652e+00
1.808505296707153320e+00
1.802559852600097656e+00
1.786781907081604004e+00
1.779048204421997070e+00
1.765381217002868652e+00
1.756712079048156738e+00
1.763260960578918457e+00
1.754823207855224609e+00
1.756342291831970215e+00
1.757668137550354004e+00
1.760588049888610840e+00
1.782029867172241211e+00
1.779593944549560547e+00
1.766595721244812012e+00
1.791007995605468750e+00
1.791195511817932129e+00
1.797993302345275879e+00
1.814061760902404785e+00
1.815398812294006348e+00
1.805733919143676758e+00
1.793751358985900879e+00
1.802331566810607910e+00
1.807405114173889160e+00
1.801106214523315430e+00
1.800415039062500000e+00
1.793236136436462402e+00
1.796444892883300781e+00
1.793695569038391113e+00
1.750952959060668945e+00
1.731709003448486328e+00
1.737065434455871582e+00
1.732181191444396973e+00
1.718942999839782715e+00
1.728758215904235840e+00
1.702841162681579590e+00
1.716338634490966797e+00
1.712131142616271973e+00
1.709887027740478516e+00
1.726891994476318359e+00
1.726603865623474121e+00
1.734593629837036133e+00
1.718891739845275879e+00
1.710571169853210449e+00
1.717092871665954590e+00
1.711373448371887207e+00
1.699727535247802734e+00
1.691157698631286621e+00
1.681609392166137695e+00
1.655777573585510254e+00
1.637191772460937500e+00
1.638560652732849121e+00
1.639878273010253906e+00
1.646944165229797363e+00
1.630335807800292969e+00
1.640477895736694336e+00
1.653987288475036621e+00
1.656061053276062012e+00
1.650641202926635742e+00
1.649222373962402344e+00
1.642416119575500488e+00
1.639629364013671875e+00
1.617848873138427734e+00
1.623730182647705078e+00
1.627293825149536133e+00
1.619668602943420410e+00
1.628463268280029297e+00
1.619494438171386719e+00
1.625533580780029297e+00
1.614806652069091797e+00
1.609401702880859375e+00
1.608573198318481445e+00
1.610840559005737305e+00
1.611044287681579590e+00
1.615062713623046875e+00
1.609651684761047363e+00
1.622950792312622070e+00
1.632478594779968262e+00
1.626687645912170410e+00
1.635979652404785156e+00
1.644480586051940918e+00
1.640855312347412109e+00
1.635580897331237793e+00
1.648738145828247070e+00
1.644001364707946777e+00
1.635580897331237793e+00
1.622479915618896484e+00
1.605294346809387207e+00
1.614384770393371582e+00
1.616556286811828613e+00
1.622294425964355469e+00
1.630853295326232910e+00
1.633132338523864746e+00
1.644842624664306641e+00
1.636084079742431641e+00
1.619001269340515137e+00
1.632426619529724121e+00
1.633690237998962402e+00
1.647698640823364258e+00
1.661822319030761719e+00
1.659775495529174805e+00
1.656399965286254883e+00
1.652351856231689453e+00
1.646332263946533203e+00
1.650998234748840332e+00
1.634820461273193359e+00
1.621720790863037109e+00
1.619879722595214844e+00
1.619900703430175781e+00
1.618752241134643555e+00
1.624833226203918457e+00
1.617722749710083008e+00
1.625214576721191406e+00
1.608757376670837402e+00
1.621840476989746094e+00
1.601532101631164551e+00
1.582276463508605957e+00
1.585191011428833008e+00
1.564875960350036621e+00
1.565156221389770508e+00
1.566391706466674805e+00
1.576360344886779785e+00
1.571237444877624512e+00
1.563450455665588379e+00
1.552669405937194824e+00
1.553710818290710449e+00
1.542712092399597168e+00
1.537507891654968262e+00
1.530657529830932617e+00
1.530594348907470703e+00
1.524087071418762207e+00
1.544210791587829590e+00
1.551361203193664551e+00
1.540790915489196777e+00
1.544775485992431641e+00
1.542804121971130371e+00
1.540327310562133789e+00
1.549710869789123535e+00
1.550663113594055176e+00
1.566587567329406738e+00
1.556081414222717285e+00
1.539003849029541016e+00
1.541553974151611328e+00
1.539400219917297363e+00
1.544410705566406250e+00
1.563085317611694336e+00
1.561781287193298340e+00
1.558484673500061035e+00
1.541605234146118164e+00
1.530778646469116211e+00
1.542602181434631348e+00
1.534249544143676758e+00
1.545147657394409180e+00
1.548617124557495117e+00
1.550976157188415527e+00
1.588601112365722656e+00
1.589449763298034668e+00
1.581482648849487305e+00
1.599942684173583984e+00
1.604886293411254883e+00
1.587181568145751953e+00
1.588485836982727051e+00
1.576379537582397461e+00
1.576342105865478516e+00
1.556988954544067383e+00
1.556042432785034180e+00
1.563259005546569824e+00
1.566600799560546875e+00
1.566798090934753418e+00
1.565745353698730469e+00
1.562477111816406250e+00
1.543989658355712891e+00
1.542421221733093262e+00
1.535074591636657715e+00
1.529705762863159180e+00
1.514136791229248047e+00
1.510404348373413086e+00
1.519970893859863281e+00
1.520688295364379883e+00
1.512063622474670410e+00
1.521283864974975586e+00
1.493207454681396484e+00
1.486498355865478516e+00
1.493234515190124512e+00
1.482599616050720215e+00
1.491189241409301758e+00
1.489713907241821289e+00
1.491462111473083496e+00
1.483212709426879883e+00
1.465425372123718262e+00
1.471629023551940918e+00
1.462100267410278320e+00
1.468017935752868652e+00
1.453758358955383301e+00
1.454164385795593262e+00
1.449978351593017578e+00
1.446164369583129883e+00
1.440491676330566406e+00
1.447843670845031738e+00
1.448682665824890137e+00
1.441962003707885742e+00
1.440153837203979492e+00
1.427051901817321777e+00
1.408121466636657715e+00
1.415655493736267090e+00
1.382989525794982910e+00
1.372704267501831055e+00
1.370053768157958984e+00
1.366280198097229004e+00
1.359420180320739746e+00
1.357188820838928223e+00
1.350056171417236328e+00
1.347000241279602051e+00
1.352552056312561035e+00
1.350862622261047363e+00
1.356466770172119141e+00
1.359178423881530762e+00
1.346991896629333496e+00
1.350937843322753906e+00
1.356086850166320801e+00
1.369529008865356445e+00
1.377872109413146973e+00
1.376940727233886719e+00
1.389509081840515137e+00
1.393347144126892090e+00
1.415803432464599609e+00
1.417423248291015625e+00
1.400469303131103516e+00
1.404079556465148926e+00
1.406280875205993652e+00
1.414076566696166992e+00
1.422877073287963867e+00
1.423379182815551758e+00
1.422549843788146973e+00
1.422904014587402344e+00
1.427812457084655762e+00
1.442242264747619629e+00
1.429113149642944336e+00
1.434110522270202637e+00
1.440096616744995117e+00
1.429606437683105469e+00
1.437973141670227051e+00
1.426936030387878418e+00
1.425621390342712402e+00
1.425502061843872070e+00
1.424744248390197754e+00
1.417121529579162598e+00
1.417378067970275879e+00
1.418249964714050293e+00
1.424025058746337891e+00
1.416524171829223633e+00
1.414204835891723633e+00
1.414205312728881836e+00
1.419014573097229004e+00
1.415428519248962402e+00
1.402949333190917969e+00
1.401079297065734863e+00
1.403540015220642090e+00
1.388453245162963867e+00
1.402877688407897949e+00
1.417218446731567383e+00
1.432342410087585449e+00
1.431028604507446289e+00
1.427364468574523926e+00
1.422971010208129883e+00
1.416507601737976074e+00
1.414754033088684082e+00
1.426096200942993164e+00
1.422447323799133301e+00
1.421146035194396973e+00
1.416015505790710449e+00
1.427254676818847656e+00
1.433104038238525391e+00
1.423648476600646973e+00
1.423487186431884766e+00
1.408340096473693848e+00
1.411000728607177734e+00
1.405366420745849609e+00
1.406614780426025391e+00
1.413570284843444824e+00
1.390366554260253906e+00
1.389548659324645996e+00
1.367541074752807617e+00
1.362786769866943359e+00
1.361259102821350098e+00
1.350138902664184570e+00
1.338655710220336914e+00
1.341846823692321777e+00
1.347196817398071289e+00
1.342221736907958984e+00
1.342768073081970215e+00
1.358967900276184082e+00
1.369234204292297363e+00
1.374289989471435547e+00
1.376006484031677246e+00
1.375196576118469238e+00
1.377912163734436035e+00
1.394968986511230469e+00
1.389472007751464844e+00
1.397657036781311035e+00
1.407207012176513672e+00
1.409656047821044922e+00
1.422407269477844238e+00
1.423053860664367676e+00
1.427565574645996094e+00
1.436598181724548340e+00
1.443164467811584473e+00
1.454468965530395508e+00
1.454086899757385254e+00
1.435824990272521973e+00
1.431367754936218262e+00
1.414932847023010254e+00
1.410698890686035156e+00
1.424522042274475098e+00
1.430904388427734375e+00
1.434599280357360840e+00
1.422732830047607422e+00
1.416580080986022949e+00
1.410257458686828613e+00
1.402123212814331055e+00
1.399035215377807617e+00
1.381745934486389160e+00
1.386283159255981445e+00
1.387173414230346680e+00
1.388553738594055176e+00
1.400108337402343750e+00
1.403319120407104492e+00
1.403606295585632324e+00
1.395608663558959961e+00
1.392736554145812988e+00
1.393359661102294922e+00
1.380923271179199219e+00
1.400688529014587402e+00
1.398968815803527832e+00
1.407539725303649902e+00
1.411639451980590820e+00
1.417474865913391113e+00
1.416675686836242676e+00
1.408295631408691406e+00
1.406170487403869629e+00
1.402596592903137207e+00
1.383463025093078613e+00
1.372598409652709961e+00
1.376184940338134766e+00
1.356329083442687988e+00
1.344857692718505859e+00
1.355403423309326172e+00
1.347889304161071777e+00
1.346545100212097168e+00
1.333280324935913086e+00
1.324717044830322266e+00
1.324605226516723633e+00
1.328321576118469238e+00
1.323410391807556152e+00
1.329955101013183594e+00
1.323397994041442871e+00
1.327231407165527344e+00
1.318977355957031250e+00
1.310813903808593750e+00
1.319347858428955078e+00
1.318362474441528320e+00
1.313811659812927246e+00
1.331033349037170410e+00
1.314715862274169922e+00
1.321064114570617676e+00
1.317602276802062988e+00
1.320564150810241699e+00
1.334864497184753418e+00
1.346879482269287109e+00
1.345424056053161621e+00
1.350784778594970703e+00
1.353405594825744629e+00
1.351018071174621582e+00
1.363329291343688965e+00
1.368422269821166992e+00
1.368379235267639160e+00
1.361232280731201172e+00
1.366011142730712891e+00
1.373237252235412598e+00
1.364068150520324707e+00
1.369681835174560547e+00
1.380419135093688965e+00
1.375744819641113281e+00
1.377846956253051758e+00
1.368611574172973633e+00
1.368352174758911133e+00
1.355562686920166016e+00
1.348298549652099609e+00
1.353894352912902832e+00
1.362118363380432129e+00
1.360800623893737793e+00
1.359518885612487793e+00
1.361576557159423828e+00
1.356389284133911133e+00
1.361356973648071289e+00
1.372887849807739258e+00
1.378094196319580078e+00
1.375401496887207031e+00
1.376293778419494629e+00
1.392101883888244629e+00
1.386084437370300293e+00
1.392701625823974609e+00
1.379741668701171875e+00
1.394149184226989746e+00
1.387929081916809082e+00
1.386841773986816406e+00
1.377352118492126465e+00
1.378529310226440430e+00
1.384748220443725586e+00
1.380846858024597168e+00
1.373265862464904785e+00
1.388771176338195801e+00
1.371658325195312500e+00
1.375926017761230469e+00
1.373255133628845215e+00
1.374674677848815918e+00
1.374693632125854492e+00
1.355507016181945801e+00
1.347086787223815918e+00
1.368416190147399902e+00
1.366416454315185547e+00
1.370499849319458008e+00
1.363158106803894043e+00
1.354965209960937500e+00
1.345763683319091797e+00
1.354069232940673828e+00
1.351092696189880371e+00
1.353795647621154785e+00
1.352662324905395508e+00
1.360871911048889160e+00
1.341403961181640625e+00
1.334074497222900391e+00
1.351855635643005371e+00
1.356667280197143555e+00
1.358850717544555664e+00
1.345525503158569336e+00
1.350219845771789551e+00
1.351506829261779785e+00
1.345477700233459473e+00
1.343839168548583984e+00
1.349912405014038086e+00
1.352175235748291016e+00
1.346429944038391113e+00
1.345939278602600098e+00
1.351024031639099121e+00
1.350918531417846680e+00
1.344947934150695801e+00
1.342972993850708008e+00
1.358512878417968750e+00
1.341526627540588379e+00
1.355137586593627930e+00
1.352348685264587402e+00
1.355112195014953613e+00
1.346944451332092285e+00
1.343504428863525391e+00
1.354229569435119629e+00
1.360838890075683594e+00
1.363573789596557617e+00
1.362281084060668945e+00
1.366380214691162109e+00
1.362947702407836914e+00
1.345541238784790039e+00
1.347604870796203613e+00
1.342923402786254883e+00
1.337412238121032715e+00
1.368705868721008301e+00
1.372343778610229492e+00
1.382069230079650879e+00
1.389233112335205078e+00
1.368469834327697754e+00
1.363684654235839844e+00
1.364405870437622070e+00
1.366316795349121094e+00
1.368747353553771973e+00
1.379138827323913574e+00
1.358559131622314453e+00
1.357647418975830078e+00
1.357642650604248047e+00
1.359377384185791016e+00
1.352417469024658203e+00
1.368909478187561035e+00
1.365088701248168945e+00
1.359555959701538086e+00
1.355337381362915039e+00
1.358509659767150879e+00
1.363254427909851074e+00
1.360720038414001465e+00
1.357439517974853516e+00
1.362160325050354004e+00
1.357410550117492676e+00
1.354193091392517090e+00
1.349838256835937500e+00
1.354289293289184570e+00
1.355686187744140625e+00
1.341927170753479004e+00
1.331562995910644531e+00
1.320460319519042969e+00
1.320026516914367676e+00
1.303203701972961426e+00
1.309129595756530762e+00
1.297168254852294922e+00
1.300421118736267090e+00
1.293504476547241211e+00
1.284463644027709961e+00
1.277130603790283203e+00
1.282204747200012207e+00
1.281378030776977539e+00
1.277670145034790039e+00
1.271729707717895508e+00
1.268381714820861816e+00
1.283174753189086914e+00
1.282126784324645996e+00
1.286888480186462402e+00
1.292120099067687988e+00
1.289160609245300293e+00
1.255562424659729004e+00
1.254144430160522461e+00
1.261789202690124512e+00
1.254828453063964844e+00
1.272387742996215820e+00
1.271004438400268555e+00
1.260590791702270508e+00
1.269062399864196777e+00
1.261429786682128906e+00
1.259019494056701660e+00
1.253989815711975098e+00
1.254015088081359863e+00
1.252729535102844238e+00
1.252973198890686035e+00
1.249595761299133301e+00
1.248332977294921875e+00
1.254013180732727051e+00
1.238525271415710449e+00
1.233357429504394531e+00
1.227077007293701172e+00
1.232024788856506348e+00
1.227240562438964844e+00
1.233694911003112793e+00
1.230877041816711426e+00
1.233734846115112305e+00
1.228792905807495117e+00
1.239862084388732910e+00
1.255676627159118652e+00
1.265162587165832520e+00
1.276869654655456543e+00
1.284688711166381836e+00
1.281170606613159180e+00
1.281411170959472656e+00
1.276056289672851562e+00
1.270625114440917969e+00
1.270774364471435547e+00
1.259438395500183105e+00
1.249296665191650391e+00
1.247585773468017578e+00
1.249432206153869629e+00
1.232868552207946777e+00
1.239236831665039062e+00
1.233204007148742676e+00
1.241659283638000488e+00
1.234786629676818848e+00
1.228404879570007324e+00
1.239972710609436035e+00
1.238502144813537598e+00
1.233481884002685547e+00
1.239557623863220215e+00
1.237979888916015625e+00
1.244654417037963867e+00
1.219109416007995605e+00
1.214253902435302734e+00
1.196903109550476074e+00
1.201183319091796875e+00
1.212205767631530762e+00
1.199501752853393555e+00
1.215719342231750488e+00
1.214395999908447266e+00
1.228898048400878906e+00
1.233870267868041992e+00
1.233111977577209473e+00
1.244422316551208496e+00
1.246801853179931641e+00
1.251856207847595215e+00
1.253323197364807129e+00
1.253558874130249023e+00
1.252452731132507324e+00
1.253781795501708984e+00
1.255498409271240234e+00
1.254416823387145996e+00
1.246668338775634766e+00
1.237297415733337402e+00
1.229840517044067383e+00
1.225428938865661621e+00
1.228501558303833008e+00
1.214118480682373047e+00
1.198863625526428223e+00
1.193549633026123047e+00
1.193972229957580566e+00
1.198493599891662598e+00
1.186889529228210449e+00
1.189686775207519531e+00
1.187403202056884766e+00
1.185058116912841797e+00
1.185734510421752930e+00
1.198505759239196777e+00
1.195202827453613281e+00
1.189836859703063965e+00
1.191615939140319824e+00
1.189100623130798340e+00
1.206541299819946289e+00
1.209592461585998535e+00
1.218788504600524902e+00
1.216614961624145508e+00
1.218301534652709961e+00
1.226657986640930176e+00
1.232745528221130371e+00
1.225859045982360840e+00
1.221663951873779297e+00
1.222800970077514648e+00
1.239648103713989258e+00
1.239080905914306641e+00
1.238896727561950684e+00
1.230637788772583008e+00
1.219661355018615723e+00
1.224148988723754883e+00
1.209306001663208008e+00
1.211001992225646973e+00
1.203721642494201660e+00
1.196639537811279297e+00
1.191656470298767090e+00
1.177479982376098633e+00
1.180866122245788574e+00
1.185002565383911133e+00
1.184682130813598633e+00
1.179154157638549805e+00
1.184901952743530273e+00
1.191500067710876465e+00
1.186517834663391113e+00
1.183202624320983887e+00
1.195106744766235352e+00
1.190250039100646973e+00
1.195139408111572266e+00
1.198906302452087402e+00
1.171602249145507812e+00
1.168752312660217285e+00
1.175875544548034668e+00
1.184115409851074219e+00
1.183148145675659180e+00
1.179208755493164062e+00
1.185829043388366699e+00
1.190577030181884766e+00
1.199224710464477539e+00
1.217665672302246094e+00
1.222005844116210938e+00
1.236410260200500488e+00
1.243272662162780762e+00
1.244771599769592285e+00
1.241619944572448730e+00
1.245928883552551270e+00
1.234166145324707031e+00
1.235693454742431641e+00
1.235384702682495117e+00
1.235625863075256348e+00
1.235087394714355469e+00
1.223803639411926270e+00
1.226804852485656738e+00
1.230531573295593262e+00
1.241438627243041992e+00
1.235960006713867188e+00
1.230047464370727539e+00
1.240033268928527832e+00
1.249613881111145020e+00
1.264636993408203125e+00
1.274246096611022949e+00
1.272443056106567383e+00
1.281724691390991211e+00
1.275285124778747559e+00
1.277562856674194336e+00
1.301215171813964844e+00
1.290773272514343262e+00
1.281015157699584961e+00
1.281987667083740234e+00
1.282124638557434082e+00
1.285562396049499512e+00
1.290665030479431152e+00
1.293294072151184082e+00
1.289243459701538086e+00
1.296762585639953613e+00
1.298678994178771973e+00
1.293888211250305176e+00
1.297486901283264160e+00
1.294803977012634277e+00
1.285443902015686035e+00
1.305394411087036133e+00
1.310737490653991699e+00
1.306721210479736328e+00
1.304983615875244141e+00
1.306530475616455078e+00
1.298616290092468262e+00
1.288221716880798340e+00
1.283364415168762207e+00
1.278558611869812012e+00
1.259820580482482910e+00
1.257287621498107910e+00
1.247368216514587402e+00
1.248993635177612305e+00
1.253605842590332031e+00
1.252992987632751465e+00
1.241057038307189941e+00
1.241107702255249023e+00
1.234815120697021484e+00
1.228632926940917969e+00
1.223330020904541016e+00
1.232088327407836914e+00
1.225534319877624512e+00
1.223841547966003418e+00
1.228838443756103516e+00
1.225885629653930664e+00
1.222161531448364258e+00
1.216200232505798340e+00
1.217440485954284668e+00
1.203393459320068359e+00
1.197003364562988281e+00
1.199615478515625000e+00
1.192679882049560547e+00
1.178973674774169922e+00
1.192714571952819824e+00
1.194247484207153320e+00
1.181465983390808105e+00
1.193462848663330078e+00
1.200738668441772461e+00
1.196165084838867188e+00
1.188970565795898438e+00
1.178012132644653320e+00
1.185505151748657227e+00
1.168493390083312988e+00
1.159407138824462891e+00
1.148002505302429199e+00
1.147072196006774902e+00
1.145045757293701172e+00
1.153483986854553223e+00
1.149199962615966797e+00
1.169782280921936035e+00
1.164302110671997070e+00
1.161014914512634277e+00
1.171898603439331055e+00
1.183649539947509766e+00
1.180277585983276367e+00
1.198011755943298340e+00
1.216623783111572266e+00
1.211574435234069824e+00
1.210758090019226074e+00
1.220079421997070312e+00
1.221793770790100098e+00
1.220769643783569336e+00
1.227475762367248535e+00
1.239876270294189453e+00
1.249930381774902344e+00
1.258349299430847168e+00
1.254987835884094238e+00
1.266611576080322266e+00
1.267056465148925781e+00
1.268512368202209473e+00
1.248736619949340820e+00
1.254048347473144531e+00
1.251806616783142090e+00
1.241783738136291504e+00
1.244545340538024902e+00
1.245408058166503906e+00
1.255822181701660156e+00
1.241661310195922852e+00
1.250356554985046387e+00
1.241631150245666504e+00
1.236168861389160156e+00
1.246429324150085449e+00
1.254443407058715820e+00
1.243796825408935547e+00
1.259700298309326172e+00
1.259179353713989258e+00
1.262102007865905762e+00
1.263692140579223633e+00
1.268244862556457520e+00
1.272111535072326660e+00
1.276122450828552246e+00
1.273810744285583496e+00
1.289526700973510742e+00
1.295227646827697754e+00
1.297455191612243652e+00
1.302062869071960449e+00
1.312142848968505859e+00
1.304349780082702637e+00
1.310102820396423340e+00
1.313969135284423828e+00
1.323924660682678223e+00
1.332074284553527832e+00
1.323275446891784668e+00
1.318689107894897461e+00
1.334752202033996582e+00
1.327892899513244629e+00
1.325241088867187500e+00
1.327609300613403320e+00
1.317418217658996582e+00
1.310996413230895996e+00
1.321659803390502930e+00
1.315271139144897461e+00
1.308971405029296875e+00
1.298390865325927734e+00
1.293190598487854004e+00
1.284141540527343750e+00
1.291160583496093750e+00
1.278136253356933594e+00
1.277437329292297363e+00
1.278789162635803223e+00
1.293417692184448242e+00
1.292599678039550781e+00
1.288823604583740234e+00
1.276438117027282715e+00
1.267818331718444824e+00
1.276895403861999512e+00
1.258939385414123535e+00
1.270435571670532227e+00
1.263459444046020508e+00
1.268177151679992676e+00
1.271331667900085449e+00
1.263709187507629395e+00
1.260724306106567383e+00
1.259891033172607422e+00
1.239131808280944824e+00
1.235141277313232422e+00
1.241994857788085938e+00
1.256368160247802734e+00
1.252386927604675293e+00
1.244442701339721680e+00
1.236086249351501465e+00
1.239969372749328613e+00
1.238562464714050293e+00
1.231323599815368652e+00
1.237268805503845215e+00
1.229336261749267578e+00
1.218595504760742188e+00
1.222585201263427734e+00
1.221865773200988770e+00
1.213393449783325195e+00
1.209763050079345703e+00
1.206656932830810547e+00
1.193394422531127930e+00
1.178769469261169434e+00
1.164704799652099609e+00
1.159502267837524414e+00
1.154201388359069824e+00
1.150017619132995605e+00
1.157041192054748535e+00
1.158155322074890137e+00
1.146595358848571777e+00
1.146502852439880371e+00
1.148661136627197266e+00
1.144998192787170410e+00
1.149389743804931641e+00
1.160110116004943848e+00
1.160617470741271973e+00
1.169186949729919434e+00
1.166609168052673340e+00
1.165661215782165527e+00
1.169412493705749512e+00
1.180296540260314941e+00
1.180843472480773926e+00
1.196997046470642090e+00
1.204374670982360840e+00
1.192173719406127930e+00
1.199817180633544922e+00
1.189876437187194824e+00
1.196775674819946289e+00
1.193425416946411133e+00
1.185284018516540527e+00
1.191134929656982422e+00
1.187063455581665039e+00
1.192432284355163574e+00
1.189726233482360840e+00
1.179886341094970703e+00
1.164561867713928223e+00
1.152628660202026367e+00
1.163179039955139160e+00
1.172202348709106445e+00
1.182276487350463867e+00
1.174321293830871582e+00
1.176134586334228516e+00
1.180511355400085449e+00
1.174964070320129395e+00
1.187676548957824707e+00
