1.275573015213012695e+00
1.276968002319335938e+00
1.250165939331054688e+00
1.237758159637451172e+00
1.219351768493652344e+00
1.201699733734130859e+00
1.189877033233642578e+00
1.187861204147338867e+00
1.182190656661987305e+00
1.166670083999633789e+00
1.166918992996215820e+00
1.158067584037780762e+00
1.165731072425842285e+00
1.147350668907165527e+00
1.139300942420959473e+00
1.127632975578308105e+00
1.119948387145996094e+00
1.116468667984008789e+00
1.113230705261230469e+00
1.126550674438476562e+00
1.121975779533386230e+00
1.133965969085693359e+00
1.121726870536804199e+00
1.110341191291809082e+00
1.101253390312194824e+00
1.092049598693847656e+00
1.089263558387756348e+00
1.076059460639953613e+00
1.067818045616149902e+00
1.053971529006958008e+00
1.051769733428955078e+00
1.053492903709411621e+00
1.051438570022583008e+00
1.050503373146057129e+00
1.064369320869445801e+00
1.068567276000976562e+00
1.058571577072143555e+00
1.055268645286560059e+00
1.045195102691650391e+00
1.045483946800231934e+00
1.045804262161254883e+00
1.059652924537658691e+00
1.056978464126586914e+00
1.061226367950439453e+00
1.068485379219055176e+00
1.067163586616516113e+00
1.067449808120727539e+00
1.064972162246704102e+00
1.069349050521850586e+00
1.066703438758850098e+00
1.061984777450561523e+00
1.037625908851623535e+00
1.040579676628112793e+00
1.041558742523193359e+00
1.047765970230102539e+00
1.055551648139953613e+00
1.060297131538391113e+00
1.056986093521118164e+00
1.045824646949768066e+00
1.062363386154174805e+00
1.059100389480590820e+00
1.060843944549560547e+00
1.057237744331359863e+00
1.064463257789611816e+00
1.055357098579406738e+00
1.048929691314697266e+00
1.052196383476257324e+00
1.055636525154113770e+00
1.047653675079345703e+00
1.028524041175842285e+00
1.031477928161621094e+00
1.017447113990783691e+00
1.018538713455200195e+00
1.029772043228149414e+00
1.024553060531616211e+00
1.028883337974548340e+00
1.018592715263366699e+00
1.024717926979064941e+00
1.013306379318237305e+00
1.025514960289001465e+00
1.018542766571044922e+00
1.016395092010498047e+00
1.014740586280822754e+00
1.016543507575988770e+00
9.986636638641357422e-01
9.931936860084533691e-01
9.944708943367004395e-01
9.914600253105163574e-01
1.003194451332092285e+00
9.949228763580322266e-01
1.003179669380187988e+00
1.003977417945861816e+00
1.000935554504394531e+00
9.919144511222839355e-01
9.761001467704772949e-01
9.700916409492492676e-01
9.636853933334350586e-01
9.679207801818847656e-01
9.552196264266967773e-01
9.442107677459716797e-01
9.518453478813171387e-01
9.520677924156188965e-01
9.507481455802917480e-01
9.453417062759399414e-01
9.317271709442138672e-01
9.261926412582397461e-01
9.301672577857971191e-01
9.239585995674133301e-01
9.358904361724853516e-01
9.363631606101989746e-01
9.348719120025634766e-01
9.213874936103820801e-01
9.117023348808288574e-01
9.139985442161560059e-01
9.140865206718444824e-01
9.204635024070739746e-01
9.164931774139404297e-01
9.079902172088623047e-01
9.323289394378662109e-01
9.406534433364868164e-01
9.453116655349731445e-01
9.496539831161499023e-01
9.458729624748229980e-01
9.430633783340454102e-01
9.447481036186218262e-01
9.396034479141235352e-01
9.385782480239868164e-01
9.250085949897766113e-01
9.280232191085815430e-01
9.273817539215087891e-01
9.329378604888916016e-01
nan
nan
nan
nan
nan
nan
nan
nan
nan
nan
nan
nan
nan
nan
nan
nan
nan
nan
nan
nan
nan
nan
nan
nan
nan
nan
nan
nan
nan
nan
nan
nan
nan
nan
nan
nan
nan
nan
nan
nan
nan
nan
nan
nan
nan
nan
nan
nan
nan
nan
8.512412905693054199e-01
8.436208367347717285e-01
8.480600714683532715e-01
8.475992083549499512e-01
8.408185839653015137e-01
8.417792320251464844e-01
8.332938551902770996e-01
8.423164486885070801e-01
8.425586223602294922e-01
8.176642060279846191e-01
8.096482157707214355e-01
8.155140876770019531e-01
8.064812421798706055e-01
7.995205521583557129e-01
8.027806282043457031e-01
8.089090585708618164e-01
8.204331994056701660e-01
8.211963772773742676e-01
8.227309584617614746e-01
8.199228048324584961e-01
8.142953515052795410e-01
8.165724873542785645e-01
8.268885016441345215e-01
8.205859661102294922e-01
8.244962096214294434e-01
8.158571720123291016e-01
8.144623637199401855e-01
8.227427601814270020e-01
8.310198783874511719e-01
8.365694284439086914e-01
8.330183625221252441e-01
8.367152214050292969e-01
8.172711730003356934e-01
8.183721899986267090e-01
8.201835155487060547e-01
8.258958458900451660e-01
8.232225179672241211e-01
8.304478526115417480e-01
8.249096870422363281e-01
8.103440999984741211e-01
8.142726421356201172e-01
8.116820454597473145e-01
7.958243489265441895e-01
7.909606695175170898e-01
7.887941598892211914e-01
8.023784160614013672e-01
7.926087975502014160e-01
7.838904857635498047e-01
7.794576287269592285e-01
7.935844659805297852e-01
7.925959229469299316e-01
7.970086932182312012e-01
7.928448319435119629e-01
7.829543352127075195e-01
7.896060943603515625e-01
7.763483524322509766e-01
7.719936370849609375e-01
7.641032934188842773e-01
7.589575052261352539e-01
7.613626718521118164e-01
7.722828388214111328e-01
7.628574967384338379e-01
7.595906853675842285e-01
7.633067965507507324e-01
7.655058503150939941e-01
7.669751048088073730e-01
7.573700547218322754e-01
7.662767767906188965e-01
7.683772444725036621e-01
7.646359801292419434e-01
7.725675106048583984e-01
7.670378088951110840e-01
7.563148736953735352e-01
7.598460316658020020e-01
7.781412601470947266e-01
7.825040221214294434e-01
7.870910763740539551e-01
7.880026102066040039e-01
7.838760614395141602e-01
7.710127830505371094e-01
7.940515875816345215e-01
7.852911949157714844e-01
7.964521050453186035e-01
7.931191921234130859e-01
7.964940071105957031e-01
7.886606454849243164e-01
7.988338470458984375e-01
7.846791148185729980e-01
7.831729650497436523e-01
7.865245938301086426e-01
7.806897163391113281e-01
7.724487781524658203e-01
7.746554017066955566e-01
7.816012501716613770e-01
7.824464440345764160e-01
7.710130810737609863e-01
7.673165798187255859e-01
7.643882036209106445e-01
7.667515277862548828e-01
7.578992247581481934e-01
7.529265880584716797e-01
7.462934255599975586e-01
7.488691210746765137e-01
7.448714971542358398e-01
7.396839857101440430e-01
7.473098635673522949e-01
7.513753771781921387e-01
7.499735355377197266e-01
7.484222650527954102e-01
7.575569152832031250e-01
7.458724379539489746e-01
7.489335536956787109e-01
7.502424120903015137e-01
7.433382272720336914e-01
7.373330593109130859e-01
7.293271422386169434e-01
7.276273369789123535e-01
7.128089070320129395e-01
7.111818790435791016e-01
7.207399010658264160e-01
7.150009870529174805e-01
7.167671322822570801e-01
7.193651795387268066e-01
7.113277316093444824e-01
nan
nan
nan
nan
nan
nan
nan
nan
nan
nan
nan
nan
nan
nan
nan
nan
nan
nan
nan
nan
nan
nan
nan
nan
nan
nan
nan
nan
nan
nan
nan
nan
nan
nan
nan
nan
nan
nan
nan
nan
nan
nan
nan
nan
nan
nan
nan
nan
nan
nan
7.018230557441711426e-01
7.005302309989929199e-01
6.960920095443725586e-01
6.930951476097106934e-01
6.922752261161804199e-01
6.908711194992065430e-01
6.883751749992370605e-01
6.911634802818298340e-01
6.763277649879455566e-01
6.759687066078186035e-01
6.778321266174316406e-01
6.689273118972778320e-01
6.742615699768066406e-01
6.723388433456420898e-01
6.633502244949340820e-01
6.654787659645080566e-01
6.688944101333618164e-01
6.688136458396911621e-01
6.680862903594970703e-01
6.659619212150573730e-01
6.596310138702392578e-01
6.605899333953857422e-01
6.536882519721984863e-01
6.563475131988525391e-01
6.607254147529602051e-01
6.608046889305114746e-01
6.639209985733032227e-01
6.545979380607604980e-01
6.618101000785827637e-01
6.470276713371276855e-01
6.417093873023986816e-01
6.390574574470520020e-01
6.329437494277954102e-01
6.326576471328735352e-01
6.393359303474426270e-01
6.406614184379577637e-01
6.501739621162414551e-01
6.389487385749816895e-01
6.441711187362670898e-01
6.403002738952636719e-01
6.376816034317016602e-01
6.349067687988281250e-01
6.290501952171325684e-01
6.373689770698547363e-01
6.340258121490478516e-01
6.297652721405029297e-01
6.361227035522460938e-01
6.357964873313903809e-01
6.410541534423828125e-01
6.306659579277038574e-01
6.196376681327819824e-01
6.217859387397766113e-01
6.255520582199096680e-01
6.321001648902893066e-01
6.501807570457458496e-01
6.476339697837829590e-01
6.491714715957641602e-01
6.588458418846130371e-01
6.595603227615356445e-01
6.551455855369567871e-01
6.631837487220764160e-01
6.647741794586181641e-01
6.730886697769165039e-01
6.664900183677673340e-01
6.730994582176208496e-01
6.688554286956787109e-01
6.702987551689147949e-01
6.676606535911560059e-01
6.722370982170104980e-01
6.855931878089904785e-01
6.842259764671325684e-01
6.752002239227294922e-01
6.674225330352783203e-01
6.607961058616638184e-01
6.543565988540649414e-01
6.521567702293395996e-01
6.486592292785644531e-01
6.528823375701904297e-01
6.451137661933898926e-01
6.556940674781799316e-01
6.651829481124877930e-01
6.742204427719116211e-01
6.802405714988708496e-01
6.849424242973327637e-01
6.863591670989990234e-01
6.842297315597534180e-01
6.718289256095886230e-01
6.730607748031616211e-01
6.765159368515014648e-01
6.737779378890991211e-01
6.850830316543579102e-01
6.760344505310058594e-01
6.790918111801147461e-01
6.810545921325683594e-01
6.828628778457641602e-01
6.805721521377563477e-01
7.044716477394104004e-01
7.005351185798645020e-01
7.001209855079650879e-01
7.040677666664123535e-01
7.117012143135070801e-01
7.068811655044555664e-01
7.033042311668395996e-01
6.987459063529968262e-01
6.847284436225891113e-01
6.886417865753173828e-01
6.938694119453430176e-01
6.844662427902221680e-01
6.876326799392700195e-01
7.034131884574890137e-01
6.995908617973327637e-01
6.977393627166748047e-01
6.896469593048095703e-01
6.932001709938049316e-01
6.858228445053100586e-01
6.935667991638183594e-01
6.936356425285339355e-01
6.964422464370727539e-01
6.938269734382629395e-01
6.878215670585632324e-01
6.930005550384521484e-01
6.923793554306030273e-01
7.004588246345520020e-01
7.076950669288635254e-01
7.172917127609252930e-01
7.189725637435913086e-01
7.302204370498657227e-01
7.307330369949340820e-01
7.349405884742736816e-01
7.292707562446594238e-01
7.248602509498596191e-01
7.169280052185058594e-01
7.064225673675537109e-01
7.065023779869079590e-01
7.194229960441589355e-01
7.161914706230163574e-01
7.204933762550354004e-01
7.253357172012329102e-01
7.239730358123779297e-01
7.282527089118957520e-01
7.215125560760498047e-01
7.223986983299255371e-01
7.219159007072448730e-01
7.149815559387207031e-01
7.145366072654724121e-01
7.100359201431274414e-01
6.951315402984619141e-01
6.943379044532775879e-01
6.949324011802673340e-01
6.943786740303039551e-01
6.946923136711120605e-01
6.999839544296264648e-01
7.025672793388366699e-01
6.944158077239990234e-01
6.899877190589904785e-01
6.951705813407897949e-01
6.937276721000671387e-01
6.943549513816833496e-01
7.031433582305908203e-01
6.953660845756530762e-01
6.933793425559997559e-01
6.980153918266296387e-01
6.894543170928955078e-01
6.913681030273437500e-01
6.893779635429382324e-01
6.828010678291320801e-01
6.859130859375000000e-01
6.872035861015319824e-01
6.867580413818359375e-01
6.850648522377014160e-01
6.908197999000549316e-01
7.041906714439392090e-01
7.073931097984313965e-01
7.142192721366882324e-01
7.069348692893981934e-01
7.118503451347351074e-01
6.971925497055053711e-01
6.981033086776733398e-01
7.005930542945861816e-01
7.033814191818237305e-01
6.951740384101867676e-01
6.889686584472656250e-01
6.926414370536804199e-01
6.871855258941650391e-01
6.772983074188232422e-01
6.829519867897033691e-01
6.852473616600036621e-01
6.820222735404968262e-01
6.761537194252014160e-01
6.684785485267639160e-01
6.628234982490539551e-01
6.576601266860961914e-01
6.622726917266845703e-01
6.626110076904296875e-01
6.550707817077636719e-01
6.630170345306396484e-01
6.505374908447265625e-01
6.488552093505859375e-01
6.469663977622985840e-01
6.511993408203125000e-01
6.406525373458862305e-01
6.392319202423095703e-01
6.375458240509033203e-01
6.406441330909729004e-01
6.490277051925659180e-01
6.395464539527893066e-01
6.403829455375671387e-01
6.425342559814453125e-01
6.324020624160766602e-01
6.268991231918334961e-01
6.296028494834899902e-01
6.250379085540771484e-01
6.242684125900268555e-01
6.252276301383972168e-01
6.290367841720581055e-01
6.242069005966186523e-01
6.181330680847167969e-01
6.170344352722167969e-01
6.177482008934020996e-01
6.113196015357971191e-01
6.030802726745605469e-01
5.904052853584289551e-01
5.784592032432556152e-01
5.694437623023986816e-01
5.720337629318237305e-01
5.714858770370483398e-01
5.753428339958190918e-01
5.697981119155883789e-01
5.597024559974670410e-01
5.505869388580322266e-01
5.685485005378723145e-01
5.776664614677429199e-01
5.849699378013610840e-01
5.941376686096191406e-01
5.979613661766052246e-01
6.111078858375549316e-01
6.085687875747680664e-01
6.106574535369873047e-01
6.121075153350830078e-01
6.121149659156799316e-01
6.202467083930969238e-01
6.307965517044067383e-01
6.244916915893554688e-01
6.266182661056518555e-01
6.350734233856201172e-01
6.305803060531616211e-01
6.388521194458007812e-01
6.453546285629272461e-01
6.458912491798400879e-01
6.403028368949890137e-01
6.437397003173828125e-01
6.437727212905883789e-01
6.449037194252014160e-01
6.460328102111816406e-01
6.352644562721252441e-01
6.250562667846679688e-01
6.147968173027038574e-01
6.128857135772705078e-01
6.133064627647399902e-01
6.175169348716735840e-01
6.167877316474914551e-01
6.181287169456481934e-01
6.262944340705871582e-01
6.279542446136474609e-01
6.257785558700561523e-01
6.352147459983825684e-01
6.356437802314758301e-01
6.276136040687561035e-01
6.276544332504272461e-01
6.372060179710388184e-01
6.398851275444030762e-01
6.451680660247802734e-01
6.524897813796997070e-01
6.535874009132385254e-01
6.566697955131530762e-01
6.495862603187561035e-01
6.439936161041259766e-01
6.443998813629150391e-01
6.446129679679870605e-01
6.554514169692993164e-01
6.426244378089904785e-01
6.385099887847900391e-01
6.292673349380493164e-01
6.191202402114868164e-01
6.052749156951904297e-01
5.889475345611572266e-01
5.882245898246765137e-01
5.960248708724975586e-01
6.017937660217285156e-01
6.038697957992553711e-01
6.016575694084167480e-01
5.946353673934936523e-01
5.949224829673767090e-01
5.942949056625366211e-01
5.886058211326599121e-01
5.902985930442810059e-01
5.830879807472229004e-01
5.879170894622802734e-01
5.833792686462402344e-01
5.860844254493713379e-01
5.846921801567077637e-01
5.812717676162719727e-01
5.785901546478271484e-01
5.794703960418701172e-01
5.822032094001770020e-01
5.932883024215698242e-01
5.989160537719726562e-01
5.965231060981750488e-01
5.996285676956176758e-01
6.021392345428466797e-01
6.145525574684143066e-01
6.212062239646911621e-01
6.111209988594055176e-01
6.102229952812194824e-01
6.053770184516906738e-01
6.042886972427368164e-01
6.057916879653930664e-01
6.103150844573974609e-01
6.136699914932250977e-01
6.040914058685302734e-01
6.053532958030700684e-01
6.078392267227172852e-01
6.091189384460449219e-01
6.093111634254455566e-01
6.035508513450622559e-01
6.103298664093017578e-01
6.169825196266174316e-01
6.138095259666442871e-01
6.204142570495605469e-01
6.232621669769287109e-01
6.302632093429565430e-01
6.269732117652893066e-01
6.295159459114074707e-01
6.333000063896179199e-01
6.432545185089111328e-01
6.539304256439208984e-01
6.608463525772094727e-01
6.719077825546264648e-01
6.711087226867675781e-01
6.797184944152832031e-01
6.802572011947631836e-01
6.909736394882202148e-01
6.883146166801452637e-01
6.947200298309326172e-01
6.987642049789428711e-01
7.022344470024108887e-01
7.076007723808288574e-01
7.062072157859802246e-01
7.153965830802917480e-01
7.177236080169677734e-01
7.249899506568908691e-01
7.223820686340332031e-01
7.236264944076538086e-01
7.230609655380249023e-01
7.293561697006225586e-01
7.267393469810485840e-01
7.296041846275329590e-01
7.315123677253723145e-01
7.324447631835937500e-01
7.262544035911560059e-01
7.111870646476745605e-01
7.009661197662353516e-01
7.434024810791015625e-01
7.377081513404846191e-01
7.448581457138061523e-01
7.461107373237609863e-01
7.558059096336364746e-01
7.592747211456298828e-01
7.549008727073669434e-01
7.557732462882995605e-01
7.519196271896362305e-01
7.518967986106872559e-01
7.510613799095153809e-01
7.412950396537780762e-01
7.510544657707214355e-01
7.414720654487609863e-01
7.491990923881530762e-01
7.540788054466247559e-01
7.478931546211242676e-01
7.367812991142272949e-01
7.256720066070556641e-01
7.386124134063720703e-01
7.337179780006408691e-01
7.397993206977844238e-01
7.363220453262329102e-01
7.254558801651000977e-01
7.199402451515197754e-01
7.056664824485778809e-01
6.963662505149841309e-01
6.886231303215026855e-01
6.851951479911804199e-01
6.694204807281494141e-01
6.691268086433410645e-01
6.691087484359741211e-01
6.727101206779479980e-01
6.755304932594299316e-01
6.743738651275634766e-01
6.740412116050720215e-01
6.675325632095336914e-01
6.546496748924255371e-01
6.501336693763732910e-01
6.481759548187255859e-01
6.482108831405639648e-01
6.486884951591491699e-01
6.481466889381408691e-01
nan
nan
nan
nan
nan
nan
nan
nan
nan
nan
nan
nan
nan
nan
nan
nan
nan
nan
nan
nan
nan
nan
nan
nan
nan
nan
nan
nan
nan
nan
nan
nan
nan
nan
nan
nan
nan
nan
nan
nan
nan
nan
nan
nan
nan
nan
nan
nan
nan
nan
4.680036902427673340e-01
4.792834818363189697e-01
4.902374148368835449e-01
4.849735200405120850e-01
4.922481775283813477e-01
4.840878546237945557e-01
4.875294864177703857e-01
4.987644553184509277e-01
5.008912682533264160e-01
5.064447522163391113e-01
5.136219263076782227e-01
5.118263363838195801e-01
5.168307423591613770e-01
5.206227302551269531e-01
5.256630778312683105e-01
5.252292752265930176e-01
5.235551595687866211e-01
5.265295505523681641e-01
5.234819650650024414e-01
5.201984047889709473e-01
5.239485502243041992e-01
5.263504981994628906e-01
5.194455981254577637e-01
5.275233387947082520e-01
5.298700928688049316e-01
5.317785739898681641e-01
5.270274877548217773e-01
5.302089452743530273e-01
5.199021697044372559e-01
5.233562588691711426e-01
5.185911059379577637e-01
5.178777575492858887e-01
5.279105901718139648e-01
5.232630968093872070e-01
5.347681641578674316e-01
5.341014266014099121e-01
5.272645354270935059e-01
5.276756882667541504e-01
5.323874950408935547e-01
5.287219285964965820e-01
5.387230515480041504e-01
5.425271391868591309e-01
5.487252473831176758e-01
5.568908452987670898e-01
5.604691505432128906e-01
5.604752898216247559e-01
5.867382287979125977e-01
5.819638967514038086e-01
5.860105752944946289e-01
5.888974666595458984e-01
5.950047373771667480e-01
5.900344252586364746e-01
5.854179263114929199e-01
5.890682339668273926e-01
5.772722959518432617e-01
5.810937285423278809e-01
5.807446837425231934e-01
5.789728760719299316e-01
5.793060064315795898e-01
5.785843133926391602e-01
5.872573852539062500e-01
nan
nan
nan
nan
nan
nan
nan
nan
nan
nan
nan
nan
nan
nan
nan
nan
nan
nan
nan
nan
nan
nan
nan
nan
nan
nan
nan
nan
nan
nan
nan
nan
nan
nan
nan
nan
nan
nan
nan
nan
nan
nan
nan
nan
nan
nan
nan
nan
nan
