1.375471234321594238e+00
1.369760870933532715e+00
1.356355428695678711e+00
1.354306340217590332e+00
1.351837754249572754e+00
1.347858071327209473e+00
1.342699408531188965e+00
1.335885882377624512e+00
1.328670382499694824e+00
1.324193716049194336e+00
1.321916103363037109e+00
1.323349714279174805e+00
1.316017627716064453e+00
1.305787920951843262e+00
1.291785240173339844e+00
1.287333965301513672e+00
1.250535011291503906e+00
1.249304413795471191e+00
1.247152447700500488e+00
1.242713809013366699e+00
1.235666990280151367e+00
1.235569715499877930e+00
1.232566475868225098e+00
1.228191733360290527e+00
1.234406113624572754e+00
1.228803396224975586e+00
1.224640965461730957e+00
1.220623612403869629e+00
1.219721317291259766e+00
1.224014997482299805e+00
1.221392869949340820e+00
1.217957854270935059e+00
1.221042990684509277e+00
1.219614982604980469e+00
1.217358112335205078e+00
1.216691851615905762e+00
1.197288990020751953e+00
1.184272527694702148e+00
1.183375597000122070e+00
1.182065010070800781e+00
1.176602602005004883e+00
1.176519036293029785e+00
1.171200513839721680e+00
1.166044712066650391e+00
1.168684363365173340e+00
1.167083978652954102e+00
1.173232316970825195e+00
1.164781451225280762e+00
1.168952226638793945e+00
1.168374776840209961e+00
1.161812663078308105e+00
1.163952946662902832e+00
1.161419868469238281e+00
1.156131386756896973e+00
1.150270938873291016e+00
1.149076700210571289e+00
1.153497219085693359e+00
1.154057502746582031e+00
1.149516105651855469e+00
1.155987024307250977e+00
1.152236461639404297e+00
1.148510575294494629e+00
1.142988204956054688e+00
1.148994088172912598e+00
1.154310941696166992e+00
1.156687498092651367e+00
1.159466266632080078e+00
1.162656307220458984e+00
1.158687114715576172e+00
1.157589673995971680e+00
1.169141888618469238e+00
1.166875123977661133e+00
1.162918567657470703e+00
1.161865353584289551e+00
1.168262481689453125e+00
1.167656064033508301e+00
1.168741464614868164e+00
1.178244829177856445e+00
1.181674599647521973e+00
1.176500797271728516e+00
1.178339838981628418e+00
1.177229166030883789e+00
1.181169390678405762e+00
1.181644439697265625e+00
1.184905886650085449e+00
1.191427707672119141e+00
1.205150842666625977e+00
1.209998250007629395e+00
1.204937577247619629e+00
1.205736041069030762e+00
1.209463596343994141e+00
1.213001608848571777e+00
1.225637793540954590e+00
1.227894306182861328e+00
1.225865125656127930e+00
1.233354449272155762e+00
1.233967304229736328e+00
1.238996624946594238e+00
1.238697528839111328e+00
1.234396219253540039e+00
1.240011692047119141e+00
1.238852977752685547e+00
1.243275761604309082e+00
1.246132493019104004e+00
1.249861240386962891e+00
1.245634317398071289e+00
1.239844441413879395e+00
1.241222739219665527e+00
1.241946220397949219e+00
1.245523571968078613e+00
1.245092511177062988e+00
1.247094154357910156e+00
1.251757860183715820e+00
1.249129414558410645e+00
1.249953866004943848e+00
1.252864480018615723e+00
1.252051353454589844e+00
1.249140620231628418e+00
1.252296686172485352e+00
1.253689527511596680e+00
1.247178077697753906e+00
1.243422985076904297e+00
1.238203406333923340e+00
1.249386787414550781e+00
1.246881365776062012e+00
1.246965765953063965e+00
1.251253485679626465e+00
1.246242403984069824e+00
1.252853870391845703e+00
1.260662078857421875e+00
1.263055682182312012e+00
1.264781832695007324e+00
1.255295872688293457e+00
1.251759529113769531e+00
1.256586909294128418e+00
1.255602359771728516e+00
1.252321004867553711e+00
1.257391333580017090e+00
1.255006790161132812e+00
1.252867698669433594e+00
1.250301599502563477e+00
1.247092008590698242e+00
1.241978406906127930e+00
1.240761280059814453e+00
1.246985435485839844e+00
1.240359067916870117e+00
1.232796788215637207e+00
1.230477690696716309e+00
1.232388973236083984e+00
1.239526629447937012e+00
1.234760642051696777e+00
1.236904501914978027e+00
1.234827876091003418e+00
1.238091349601745605e+00
1.236381888389587402e+00
1.237643599510192871e+00
1.238840818405151367e+00
1.239321470260620117e+00
1.244363903999328613e+00
1.238830208778381348e+00
1.234010219573974609e+00
1.226647615432739258e+00
1.219127893447875977e+00
1.219937682151794434e+00
1.217695116996765137e+00
1.218365430831909180e+00
1.220495343208312988e+00
1.215549707412719727e+00
1.208960890769958496e+00
1.214308738708496094e+00
1.214911818504333496e+00
1.223128795623779297e+00
1.228011965751647949e+00
1.214093089103698730e+00
1.208424210548400879e+00
1.208703875541687012e+00
1.203498125076293945e+00
1.200555682182312012e+00
1.200257778167724609e+00
1.193714380264282227e+00
1.194581270217895508e+00
1.197327852249145508e+00
1.207155227661132812e+00
1.207837581634521484e+00
1.202662110328674316e+00
1.200460195541381836e+00
1.205745339393615723e+00
1.203127384185791016e+00
1.210182428359985352e+00
1.213920235633850098e+00
1.218398809432983398e+00
1.214410901069641113e+00
1.215637683868408203e+00
1.217846274375915527e+00
1.216478705406188965e+00
1.219377279281616211e+00
1.219458580017089844e+00
1.221791267395019531e+00
1.214731216430664062e+00
1.218618869781494141e+00
1.225307583808898926e+00
1.225281596183776855e+00
1.225927829742431641e+00
1.212135434150695801e+00
1.210603713989257812e+00
1.208914279937744141e+00
1.210946559906005859e+00
1.212840557098388672e+00
1.210482120513916016e+00
1.205378890037536621e+00
1.208833098411560059e+00
1.210840225219726562e+00
1.220441699028015137e+00
1.222317934036254883e+00
1.223651528358459473e+00
1.219203233718872070e+00
1.223034620285034180e+00
1.232027292251586914e+00
1.244864702224731445e+00
1.227713942527770996e+00
1.228917002677917480e+00
1.227928757667541504e+00
1.231752753257751465e+00
1.235435366630554199e+00
1.236383914947509766e+00
1.236559867858886719e+00
1.236280083656311035e+00
1.240814089775085449e+00
1.231179475784301758e+00
1.234382510185241699e+00
1.229707837104797363e+00
1.230340600013732910e+00
1.232901811599731445e+00
1.229536533355712891e+00
1.231743574142456055e+00
1.229838848114013672e+00
1.222500085830688477e+00
1.220697641372680664e+00
1.219963669776916504e+00
1.214682579040527344e+00
1.212052583694458008e+00
1.214090347290039062e+00
1.210307359695434570e+00
1.209508538246154785e+00
1.205870389938354492e+00
1.199667692184448242e+00
1.206821322441101074e+00
1.210080981254577637e+00
1.214468240737915039e+00
1.204458594322204590e+00
1.199210524559020996e+00
1.201908469200134277e+00
1.206826448440551758e+00
1.226064801216125488e+00
1.233309507369995117e+00
1.233527421951293945e+00
1.236338376998901367e+00
1.228069424629211426e+00
1.224871277809143066e+00
1.226868033409118652e+00
1.223800778388977051e+00
1.224051952362060547e+00
1.225724458694458008e+00
1.221892595291137695e+00
1.221923232078552246e+00
1.218263983726501465e+00
1.209038376808166504e+00
1.206805229187011719e+00
1.199124813079833984e+00
1.212202548980712891e+00
1.210091114044189453e+00
1.206358671188354492e+00
1.204720735549926758e+00
1.206931352615356445e+00
1.207911014556884766e+00
1.209892988204956055e+00
1.208689332008361816e+00
1.207407593727111816e+00
1.214236021041870117e+00
1.215636372566223145e+00
1.219042897224426270e+00
1.222025036811828613e+00
1.216865539550781250e+00
1.221747875213623047e+00
1.212584495544433594e+00
1.214216947555541992e+00
1.212960243225097656e+00
1.212684631347656250e+00
1.201673865318298340e+00
1.203419685363769531e+00
1.199135541915893555e+00
1.194457292556762695e+00
1.196382999420166016e+00
1.191054582595825195e+00
1.194980144500732422e+00
1.199376940727233887e+00
1.190320968627929688e+00
1.186537146568298340e+00
1.184077143669128418e+00
1.188024282455444336e+00
1.185003876686096191e+00
1.178004860877990723e+00
1.169721364974975586e+00
1.161798596382141113e+00
1.156782269477844238e+00
1.151940107345581055e+00
1.150571942329406738e+00
1.152862429618835449e+00
1.154274582862854004e+00
1.155532360076904297e+00
1.157159924507141113e+00
1.159810304641723633e+00
1.156053662300109863e+00
1.155505657196044922e+00
1.156365871429443359e+00
1.159014344215393066e+00
1.164012551307678223e+00
1.160854339599609375e+00
1.160427808761596680e+00
1.164343595504760742e+00
1.164652347564697266e+00
1.167576432228088379e+00
1.161436200141906738e+00
1.156220197677612305e+00
1.157665610313415527e+00
1.152703046798706055e+00
1.153196334838867188e+00
1.147960305213928223e+00
1.140954017639160156e+00
1.137100577354431152e+00
1.137015819549560547e+00
1.135362148284912109e+00
1.132240772247314453e+00
1.129279136657714844e+00
1.134170174598693848e+00
1.135035037994384766e+00
1.135943293571472168e+00
1.137388467788696289e+00
1.144483089447021484e+00
1.142540454864501953e+00
1.159753918647766113e+00
1.154473185539245605e+00
1.150412201881408691e+00
1.151521563529968262e+00
1.137985110282897949e+00
1.137351751327514648e+00
1.139563083648681641e+00
1.131170153617858887e+00
1.126673936843872070e+00
1.123298764228820801e+00
1.121359348297119141e+00
1.114531993865966797e+00
1.112396001815795898e+00
1.103427529335021973e+00
1.092215061187744141e+00
1.092745184898376465e+00
1.080561161041259766e+00
1.077096819877624512e+00
1.074481010437011719e+00
1.066287636756896973e+00
1.056366205215454102e+00
1.053095102310180664e+00
1.047348022460937500e+00
1.048053979873657227e+00
1.035860419273376465e+00
1.035745739936828613e+00
1.022650718688964844e+00
1.016598701477050781e+00
1.013021469116210938e+00
1.002125382423400879e+00
9.957964420318603516e-01
9.897117614746093750e-01
9.892836213111877441e-01
9.879185557365417480e-01
9.783290028572082520e-01
9.799477458000183105e-01
9.773607850074768066e-01
9.688112139701843262e-01
9.694244265556335449e-01
9.640119075775146484e-01
9.540435671806335449e-01
9.439501762390136719e-01
9.299483299255371094e-01
9.256457686424255371e-01
9.247803688049316406e-01
9.209426641464233398e-01
9.156606197357177734e-01
9.120504856109619141e-01
9.081012010574340820e-01
8.984262943267822266e-01
8.773782849311828613e-01
8.816840648651123047e-01
8.793925642967224121e-01
8.763928413391113281e-01
8.755531311035156250e-01
8.667261004447937012e-01
8.619651794433593750e-01
8.720754981040954590e-01
8.735670447349548340e-01
8.767536282539367676e-01
8.733032941818237305e-01
8.764206171035766602e-01
8.753965497016906738e-01
8.735342621803283691e-01
8.808149695396423340e-01
8.875969052314758301e-01
8.916565179824829102e-01
8.829519748687744141e-01
8.791759610176086426e-01
8.778557777404785156e-01
8.858562707901000977e-01
8.811888098716735840e-01
8.792247772216796875e-01
8.783931732177734375e-01
8.847032189369201660e-01
8.736691474914550781e-01
8.802757859230041504e-01
8.776518106460571289e-01
8.758253455162048340e-01
8.722091913223266602e-01
8.788514137268066406e-01
8.759504556655883789e-01
8.800672292709350586e-01
8.793814778327941895e-01
8.783978223800659180e-01
8.703128099441528320e-01
8.667314648628234863e-01
8.700175285339355469e-01
8.661082386970520020e-01
8.680822253227233887e-01
8.637191057205200195e-01
8.609828352928161621e-01
8.711988925933837891e-01
8.736391663551330566e-01
8.685038089752197266e-01
8.622984290122985840e-01
8.645485639572143555e-01
8.594647049903869629e-01
8.614765405654907227e-01
8.681643605232238770e-01
8.680177927017211914e-01
8.625944256782531738e-01
8.593890666961669922e-01
8.639575839042663574e-01
8.651708364486694336e-01
8.689073324203491211e-01
8.664239645004272461e-01
8.579023480415344238e-01
8.571594953536987305e-01
8.540911674499511719e-01
8.615117669105529785e-01
8.690075874328613281e-01
8.702434301376342773e-01
8.709169626235961914e-01
8.650755882263183594e-01
8.578546047210693359e-01
8.537409305572509766e-01
8.660849928855895996e-01
8.711436390876770020e-01
8.765594959259033203e-01
8.792223334312438965e-01
8.786049485206604004e-01
8.769628405570983887e-01
8.800037503242492676e-01
8.760523796081542969e-01
8.846310377120971680e-01
8.855884671211242676e-01
8.856309652328491211e-01
8.849006891250610352e-01
8.867865800857543945e-01
8.768705129623413086e-01
8.782266378402709961e-01
8.750106692314147949e-01
8.736048936843872070e-01
8.742972612380981445e-01
8.798556327819824219e-01
8.804745674133300781e-01
8.847895264625549316e-01
8.868027329444885254e-01
8.842628002166748047e-01
8.888030052185058594e-01
8.909326791763305664e-01
8.918457627296447754e-01
8.915991187095642090e-01
8.897817134857177734e-01
8.891095519065856934e-01
8.912068009376525879e-01
8.904247879981994629e-01
8.863216638565063477e-01
8.819630146026611328e-01
8.799920082092285156e-01
8.878859877586364746e-01
8.870544433593750000e-01
8.924009203910827637e-01
8.900157213211059570e-01
8.897122144699096680e-01
8.912462592124938965e-01
8.973438143730163574e-01
8.937707543373107910e-01
8.935674428939819336e-01
8.871779441833496094e-01
8.774005174636840820e-01
8.834211230278015137e-01
8.846707940101623535e-01
8.852902054786682129e-01
8.873333930969238281e-01
8.925701975822448730e-01
8.919492363929748535e-01
8.903623819351196289e-01
8.899298310279846191e-01
8.866698741912841797e-01
8.972851037979125977e-01
9.055323004722595215e-01
8.952186703681945801e-01
8.951448798179626465e-01
8.911781311035156250e-01
8.874909281730651855e-01
8.968511819839477539e-01
8.958505392074584961e-01
8.991470932960510254e-01
9.086375236511230469e-01
9.058413505554199219e-01
9.040653109550476074e-01
9.054563641548156738e-01
9.063053727149963379e-01
9.080495238304138184e-01
9.069527387619018555e-01
9.064587354660034180e-01
9.073807597160339355e-01
9.078854918479919434e-01
9.132725596427917480e-01
9.145697951316833496e-01
9.168467521667480469e-01
9.138301014900207520e-01
9.206264615058898926e-01
9.322997927665710449e-01
9.339687228202819824e-01
9.324119091033935547e-01
9.323859214782714844e-01
9.356297254562377930e-01
9.428465962409973145e-01
9.416091442108154297e-01
9.466323256492614746e-01
9.398506283760070801e-01
9.442537426948547363e-01
9.487836956977844238e-01
9.502824544906616211e-01
9.472802877426147461e-01
9.499012231826782227e-01
9.520767927169799805e-01
9.549486637115478516e-01
9.596100449562072754e-01
9.638315439224243164e-01
9.675947427749633789e-01
9.746572971343994141e-01
9.687587022781372070e-01
9.692892432212829590e-01
9.699897766113281250e-01
9.672872424125671387e-01
9.695791602134704590e-01
9.721844196319580078e-01
9.650130271911621094e-01
9.564437866210937500e-01
9.547231197357177734e-01
9.585009217262268066e-01
9.552872180938720703e-01
9.546522498130798340e-01
9.486263394355773926e-01
9.559044837951660156e-01
9.495906829833984375e-01
9.461258649826049805e-01
9.503287672996520996e-01
9.495903849601745605e-01
9.509708881378173828e-01
9.441691637039184570e-01
9.442661404609680176e-01
9.473719000816345215e-01
9.486291408538818359e-01
9.462772607803344727e-01
9.444653391838073730e-01
9.357970356941223145e-01
9.380136728286743164e-01
9.408926367759704590e-01
9.424621462821960449e-01
9.418906569480895996e-01
9.336552619934082031e-01
9.282378554344177246e-01
9.344795942306518555e-01
9.449540972709655762e-01
9.485977888107299805e-01
9.466087818145751953e-01
9.527311921119689941e-01
9.497606158256530762e-01
9.519066810607910156e-01
9.537106156349182129e-01
9.499431848526000977e-01
9.481294155120849609e-01
9.532223343849182129e-01
9.548399448394775391e-01
9.581394195556640625e-01
9.664715528488159180e-01
9.635118842124938965e-01
9.591619372367858887e-01
9.552495479583740234e-01
9.538465142250061035e-01
9.659181833267211914e-01
9.714047312736511230e-01
9.669427275657653809e-01
9.701200723648071289e-01
9.679216146469116211e-01
9.689584374427795410e-01
9.711323380470275879e-01
9.771775603294372559e-01
9.836749434471130371e-01
9.840141534805297852e-01
9.861605763435363770e-01
9.912558197975158691e-01
9.843115210533142090e-01
9.864237308502197266e-01
9.945021271705627441e-01
1.000836849212646484e+00
9.997419714927673340e-01
1.009662747383117676e+00
1.005894660949707031e+00
1.009034395217895508e+00
1.010060548782348633e+00
1.014306306838989258e+00
1.016876578330993652e+00
1.015609622001647949e+00
1.016045928001403809e+00
1.026786565780639648e+00
1.028975725173950195e+00
1.026002526283264160e+00
1.021429538726806641e+00
1.021156907081604004e+00
1.017417430877685547e+00
1.024045228958129883e+00
1.024335145950317383e+00
1.024171352386474609e+00
1.022915363311767578e+00
1.024240970611572266e+00
1.016960620880126953e+00
1.023125529289245605e+00
1.027738451957702637e+00
1.025950193405151367e+00
1.023630023002624512e+00
1.021307110786437988e+00
1.019893884658813477e+00
1.019430041313171387e+00
1.023681521415710449e+00
1.014072775840759277e+00
1.017557501792907715e+00
1.014523625373840332e+00
1.022979021072387695e+00
1.024763822555541992e+00
1.020041704177856445e+00
1.015805363655090332e+00
1.017022967338562012e+00
1.020185112953186035e+00
1.021879911422729492e+00
1.015797138214111328e+00
1.015523672103881836e+00
1.010073423385620117e+00
1.008259654045104980e+00
1.011715769767761230e+00
1.011359095573425293e+00
1.017704963684082031e+00
1.026477932929992676e+00
1.025541543960571289e+00
1.022939682006835938e+00
1.016311526298522949e+00
1.020510673522949219e+00
1.006403923034667969e+00
1.016783952713012695e+00
1.017469644546508789e+00
1.015772461891174316e+00
1.010985255241394043e+00
1.009271025657653809e+00
1.008826255798339844e+00
1.016364932060241699e+00
1.007657885551452637e+00
1.007636189460754395e+00
1.008003950119018555e+00
1.012527823448181152e+00
1.008993387222290039e+00
1.010489940643310547e+00
1.004107952117919922e+00
1.003053784370422363e+00
9.938136935234069824e-01
9.960349202156066895e-01
9.925734996795654297e-01
9.893884062767028809e-01
9.827731251716613770e-01
9.718192219734191895e-01
9.781954288482666016e-01
9.776536822319030762e-01
9.815839529037475586e-01
9.799358248710632324e-01
9.869300127029418945e-01
9.754261970520019531e-01
9.730765819549560547e-01
9.706892371177673340e-01
9.684367179870605469e-01
9.669206738471984863e-01
9.636582136154174805e-01
9.607984423637390137e-01
9.583036899566650391e-01
9.641808867454528809e-01
9.591267108917236328e-01
9.588600993156433105e-01
9.645541310310363770e-01
9.590523242950439453e-01
9.723020792007446289e-01
9.732071161270141602e-01
9.602781534194946289e-01
9.621158838272094727e-01
9.488882422447204590e-01
9.485226273536682129e-01
9.427648782730102539e-01
9.392443299293518066e-01
9.408149719238281250e-01
9.341236352920532227e-01
9.412000775337219238e-01
9.243406057357788086e-01
9.265601634979248047e-01
9.250538349151611328e-01
9.320103526115417480e-01
9.278689622879028320e-01
9.253383874893188477e-01
9.172632098197937012e-01
9.163644909858703613e-01
9.092518687248229980e-01
9.050521850585937500e-01
8.997105360031127930e-01
8.959449529647827148e-01
8.934574723243713379e-01
8.942696452140808105e-01
8.873908519744873047e-01
8.930135965347290039e-01
8.920783996582031250e-01
8.971353769302368164e-01
9.009587764739990234e-01
8.995549082756042480e-01
9.014080762863159180e-01
8.868993520736694336e-01
8.884105682373046875e-01
8.865441083908081055e-01
8.847209215164184570e-01
8.748857975006103516e-01
8.685427904129028320e-01
8.661388158798217773e-01
8.644824028015136719e-01
8.575809001922607422e-01
8.478668332099914551e-01
8.426023125648498535e-01
8.353810310363769531e-01
8.356181979179382324e-01
8.242253661155700684e-01
8.168814182281494141e-01
8.124762773513793945e-01
8.006441593170166016e-01
7.934910655021667480e-01
7.724511027336120605e-01
7.666276693344116211e-01
7.726786732673645020e-01
7.680018544197082520e-01
7.675287723541259766e-01
7.638467550277709961e-01
7.631598114967346191e-01
7.667034268379211426e-01
7.607470154762268066e-01
7.625281810760498047e-01
7.582228183746337891e-01
7.689350247383117676e-01
7.626108527183532715e-01
7.557326555252075195e-01
7.445928454399108887e-01
7.405303120613098145e-01
7.402990460395812988e-01
7.405064105987548828e-01
7.397355437278747559e-01
7.372784614562988281e-01
7.436983585357666016e-01
7.421562075614929199e-01
7.436313629150390625e-01
7.432305812835693359e-01
7.383983731269836426e-01
7.403172850608825684e-01
7.320638298988342285e-01
7.287233471870422363e-01
7.168737649917602539e-01
7.090571522712707520e-01
7.074128985404968262e-01
7.063717842102050781e-01
7.165472507476806641e-01
7.144036889076232910e-01
7.124596238136291504e-01
7.045688033103942871e-01
7.014848589897155762e-01
7.008116245269775391e-01
6.986691951751708984e-01
6.954303979873657227e-01
6.992035508155822754e-01
6.988492608070373535e-01
6.991824507713317871e-01
7.022794485092163086e-01
6.990375518798828125e-01
7.019574642181396484e-01
7.103340625762939453e-01
7.108957171440124512e-01
7.093701958656311035e-01
7.119246125221252441e-01
7.227652072906494141e-01
7.220389842987060547e-01
7.245576381683349609e-01
7.245070934295654297e-01
7.244511246681213379e-01
7.272000908851623535e-01
7.239472866058349609e-01
7.176899909973144531e-01
7.122859954833984375e-01
7.112693190574645996e-01
7.052862644195556641e-01
6.955683827400207520e-01
6.965641975402832031e-01
6.971167922019958496e-01
7.022487521171569824e-01
7.015476226806640625e-01
7.046024203300476074e-01
7.015655636787414551e-01
7.069796919822692871e-01
7.047818899154663086e-01
6.924031972885131836e-01
7.000078558921813965e-01
7.020130753517150879e-01
7.051734924316406250e-01
7.102099061012268066e-01
7.106696963310241699e-01
7.082734107971191406e-01
7.080132365226745605e-01
7.145409584045410156e-01
7.171922326087951660e-01
7.281993031501770020e-01
7.271080613136291504e-01
7.188220024108886719e-01
7.205671668052673340e-01
7.208049893379211426e-01
7.261725068092346191e-01
7.258766293525695801e-01
7.277085185050964355e-01
7.318644523620605469e-01
7.292863726615905762e-01
7.289880514144897461e-01
7.281756401062011719e-01
7.253328561782836914e-01
7.245132923126220703e-01
7.214496135711669922e-01
7.198600769042968750e-01
7.163489460945129395e-01
7.067356705665588379e-01
7.110409736633300781e-01
7.185649871826171875e-01
7.127393484115600586e-01
7.107188701629638672e-01
7.066844701766967773e-01
7.062450647354125977e-01
7.049868702888488770e-01
7.017177343368530273e-01
7.017214298248291016e-01
7.009715437889099121e-01
7.095307707786560059e-01
7.024021148681640625e-01
7.108650207519531250e-01
7.123079895973205566e-01
7.119358181953430176e-01
7.161089181900024414e-01
7.092085480690002441e-01
7.152009010314941406e-01
7.145293354988098145e-01
7.175987958908081055e-01
7.084599137306213379e-01
7.088334560394287109e-01
7.148445844650268555e-01
7.101079821586608887e-01
7.019821405410766602e-01
7.061170339584350586e-01
7.059589624404907227e-01
7.057982087135314941e-01
7.102538347244262695e-01
7.055698633193969727e-01
6.968621015548706055e-01
6.948155164718627930e-01
6.891565918922424316e-01
6.882823705673217773e-01
6.899936795234680176e-01
6.822785139083862305e-01
6.782816052436828613e-01
6.731025576591491699e-01
6.707649230957031250e-01
6.679414510726928711e-01
6.664336919784545898e-01
6.686261892318725586e-01
6.674069762229919434e-01
6.651622653007507324e-01
6.672758460044860840e-01
6.734409928321838379e-01
6.840952038764953613e-01
6.868297457695007324e-01
6.861645579338073730e-01
6.934010386466979980e-01
6.948637366294860840e-01
6.899528503417968750e-01
6.884214282035827637e-01
6.962285637855529785e-01
7.000225186347961426e-01
7.020204067230224609e-01
7.050566077232360840e-01
7.101165652275085449e-01
7.083773016929626465e-01
7.140254974365234375e-01
7.069215178489685059e-01
7.139982581138610840e-01
7.114728689193725586e-01
7.157535552978515625e-01
7.227755188941955566e-01
7.224758267402648926e-01
7.254788875579833984e-01
7.187850475311279297e-01
7.205744981765747070e-01
7.200146317481994629e-01
7.220782637596130371e-01
7.296884655952453613e-01
7.234600186347961426e-01
7.240434885025024414e-01
7.326751947402954102e-01
7.269507646560668945e-01
7.226004004478454590e-01
7.257489562034606934e-01
7.273526787757873535e-01
7.322723269462585449e-01
7.443277239799499512e-01
7.436594963073730469e-01
7.431339025497436523e-01
7.441193461418151855e-01
7.485870122909545898e-01
7.520588636398315430e-01
7.590585947036743164e-01
7.688055634498596191e-01
7.747341394424438477e-01
7.792165279388427734e-01
7.819526195526123047e-01
7.871622443199157715e-01
7.873143553733825684e-01
7.940739989280700684e-01
7.950592041015625000e-01
7.918517589569091797e-01
7.806903123855590820e-01
7.843295335769653320e-01
7.873333096504211426e-01
7.922820448875427246e-01
7.926150560379028320e-01
7.909114956855773926e-01
7.969328165054321289e-01
7.964003086090087891e-01
7.899106740951538086e-01
7.924180626869201660e-01
7.873923778533935547e-01
7.815707921981811523e-01
7.879195213317871094e-01
7.888084650039672852e-01
7.934591174125671387e-01
7.903004288673400879e-01
7.907657027244567871e-01
7.885003685951232910e-01
7.810699343681335449e-01
7.781099081039428711e-01
7.815311551094055176e-01
7.817527055740356445e-01
7.799949645996093750e-01
7.795137166976928711e-01
7.986703515052795410e-01
7.956804037094116211e-01
8.048217892646789551e-01
8.034087419509887695e-01
8.027692437171936035e-01
8.046711683273315430e-01
8.076978921890258789e-01
8.008374571800231934e-01
8.034740686416625977e-01
8.008188009262084961e-01
7.959724664688110352e-01
7.931187152862548828e-01
7.871483564376831055e-01
7.831603288650512695e-01
7.755461931228637695e-01
7.770731449127197266e-01
7.654865980148315430e-01
7.604787349700927734e-01
7.611851692199707031e-01
7.592934966087341309e-01
7.610170841217041016e-01
7.628615498542785645e-01
7.693632245063781738e-01
7.706494331359863281e-01
7.688957452774047852e-01
7.687517404556274414e-01
7.726101875305175781e-01
7.636615633964538574e-01
7.636926174163818359e-01
7.586188316345214844e-01
7.545117139816284180e-01
7.593656182289123535e-01
7.509999275207519531e-01
7.490902543067932129e-01
7.483043670654296875e-01
7.448092699050903320e-01
7.467830777168273926e-01
7.515574097633361816e-01
7.466880083084106445e-01
7.441747188568115234e-01
7.496759891510009766e-01
7.504630088806152344e-01
7.506158947944641113e-01
7.484560608863830566e-01
7.486815452575683594e-01
7.523030042648315430e-01
7.470337748527526855e-01
7.590176463127136230e-01
7.630861401557922363e-01
7.644241452217102051e-01
7.548359632492065430e-01
7.546570301055908203e-01
7.493757605552673340e-01
7.554496526718139648e-01
7.574584484100341797e-01
7.597991228103637695e-01
7.690666913986206055e-01
7.755547165870666504e-01
7.734397053718566895e-01
7.729687690734863281e-01
7.760819792747497559e-01
7.880944609642028809e-01
7.943071722984313965e-01
7.956085801124572754e-01
8.027512431144714355e-01
8.021709322929382324e-01
8.082877397537231445e-01
8.143311142921447754e-01
8.157312273979187012e-01
8.182768225669860840e-01
8.125236630439758301e-01
8.013984560966491699e-01
7.993704080581665039e-01
8.003512024879455566e-01
7.942990064620971680e-01
8.020840287208557129e-01
8.047424554824829102e-01
8.130545616149902344e-01
8.102338910102844238e-01
8.125343322753906250e-01
8.176823258399963379e-01
8.214234709739685059e-01
8.270410299301147461e-01
8.242998719215393066e-01
8.263221979141235352e-01
8.286152482032775879e-01
8.336855173110961914e-01
8.262609839439392090e-01
8.275760412216186523e-01
8.294254541397094727e-01
8.262266516685485840e-01
8.250266909599304199e-01
8.260418772697448730e-01
8.281753063201904297e-01
8.261047601699829102e-01
8.273994922637939453e-01
8.296783566474914551e-01
8.158365488052368164e-01
8.147022724151611328e-01
8.129906654357910156e-01
8.079797625541687012e-01
8.069565296173095703e-01
8.069765567779541016e-01
7.992722392082214355e-01
7.942458987236022949e-01
7.943174839019775391e-01
7.850933670997619629e-01
7.804673910140991211e-01
7.787785530090332031e-01
7.771805524826049805e-01
7.724045515060424805e-01
7.689357995986938477e-01
7.644762396812438965e-01
7.652995586395263672e-01
7.675369381904602051e-01
7.730726003646850586e-01
7.717012166976928711e-01
7.665694952011108398e-01
7.679584622383117676e-01
7.703713774681091309e-01
7.689564228057861328e-01
7.741898894309997559e-01
7.732263207435607910e-01
7.671163082122802734e-01
7.748746275901794434e-01
7.650344967842102051e-01
7.626573443412780762e-01
7.569438815116882324e-01
7.638892531394958496e-01
7.602641582489013672e-01
7.593457102775573730e-01
7.566198110580444336e-01
7.576841115951538086e-01
7.596318721771240234e-01
7.623166441917419434e-01
7.617591023445129395e-01
7.555775642395019531e-01
7.605980038642883301e-01
7.599189281463623047e-01
7.543425559997558594e-01
7.546364068984985352e-01
7.551077008247375488e-01
7.486441135406494141e-01
7.516808509826660156e-01
7.551143169403076172e-01
7.488897442817687988e-01
7.468733787536621094e-01
7.492294907569885254e-01
7.453578114509582520e-01
7.434054613113403320e-01
7.400691509246826172e-01
7.380681633949279785e-01
7.407831549644470215e-01
7.360786199569702148e-01
7.318277955055236816e-01
7.249351739883422852e-01
7.229807376861572266e-01
7.335103750228881836e-01
7.271913290023803711e-01
7.335695624351501465e-01
7.347892522811889648e-01
7.316970825195312500e-01
7.331781983375549316e-01
7.329001426696777344e-01
7.287139892578125000e-01
7.226859331130981445e-01
7.216388583183288574e-01
7.179554700851440430e-01
7.118758559226989746e-01
7.035292983055114746e-01
7.017239928245544434e-01
6.990652680397033691e-01
6.991132497787475586e-01
7.008437514305114746e-01
6.994200944900512695e-01
6.995942592620849609e-01
6.951429843902587891e-01
6.937319040298461914e-01
6.879287958145141602e-01
6.839651465415954590e-01
6.825124621391296387e-01
6.755275130271911621e-01
6.719306111335754395e-01
6.715554594993591309e-01
6.698390245437622070e-01
6.679330468177795410e-01
6.706185936927795410e-01
6.676433682441711426e-01
6.646530628204345703e-01
6.649523973464965820e-01
6.637173295021057129e-01
6.589540839195251465e-01
6.633118391036987305e-01
6.531968116760253906e-01
6.515527367591857910e-01
6.524614691734313965e-01
6.479104757308959961e-01
6.474697589874267578e-01
6.428854465484619141e-01
6.448928117752075195e-01
6.433660387992858887e-01
6.423636674880981445e-01
6.398072838783264160e-01
6.478156447410583496e-01
6.546462774276733398e-01
6.581955552101135254e-01
6.536253094673156738e-01
6.434403061866760254e-01
6.447837948799133301e-01
6.433980464935302734e-01
6.381236314773559570e-01
6.377441287040710449e-01
6.342315673828125000e-01
6.319570541381835938e-01
6.291382312774658203e-01
6.275007724761962891e-01
6.350956559181213379e-01
6.331440806388854980e-01
6.319127082824707031e-01
6.399722099304199219e-01
6.405565142631530762e-01
6.401579976081848145e-01
6.313645839691162109e-01
6.329116225242614746e-01
6.333473324775695801e-01
6.295661330223083496e-01
6.330465078353881836e-01
6.328580379486083984e-01
6.300146579742431641e-01
6.300618648529052734e-01
6.274576187133789062e-01
6.290522217750549316e-01
6.385355591773986816e-01
6.345002055168151855e-01
6.345769762992858887e-01
6.341940164566040039e-01
6.364126801490783691e-01
6.316698193550109863e-01
6.364968419075012207e-01
6.353889107704162598e-01
6.295908689498901367e-01
6.316391229629516602e-01
6.300072669982910156e-01
6.355140805244445801e-01
6.344320178031921387e-01
6.342056393623352051e-01
6.326065659523010254e-01
6.320387125015258789e-01
6.334241032600402832e-01
6.340629458427429199e-01
6.325533986091613770e-01
6.370824575424194336e-01
6.347700953483581543e-01
6.348654031753540039e-01
6.318826079368591309e-01
6.325399279594421387e-01
6.337004303932189941e-01
6.342533230781555176e-01
6.360617280006408691e-01
6.317235827445983887e-01
6.350688934326171875e-01
6.352599859237670898e-01
6.369824409484863281e-01
6.375066637992858887e-01
6.376039981842041016e-01
6.351546645164489746e-01
6.301254034042358398e-01
6.310220360755920410e-01
6.269799470901489258e-01
6.232893466949462891e-01
6.190664172172546387e-01
6.162402033805847168e-01
6.188445091247558594e-01
6.161119341850280762e-01
6.166923046112060547e-01
6.226521134376525879e-01
6.176446676254272461e-01
6.266472339630126953e-01
6.288234591484069824e-01
6.323059201240539551e-01
6.295076608657836914e-01
6.271102428436279297e-01
6.178556680679321289e-01
6.164606809616088867e-01
6.110886335372924805e-01
6.093106269836425781e-01
6.071792840957641602e-01
6.119564175605773926e-01
6.057877540588378906e-01
6.169402599334716797e-01
6.239170432090759277e-01
6.273052096366882324e-01
6.271815896034240723e-01
6.255375146865844727e-01
6.284605264663696289e-01
6.263229846954345703e-01
6.272812485694885254e-01
6.293684840202331543e-01
6.420414447784423828e-01
6.393882632255554199e-01
6.376883983612060547e-01
6.305548548698425293e-01
6.309631466865539551e-01
6.317691206932067871e-01
6.300182938575744629e-01
6.267704963684082031e-01
6.319137811660766602e-01
6.345981359481811523e-01
6.289316415786743164e-01
6.276893019676208496e-01
6.266148090362548828e-01
6.290054917335510254e-01
6.305562257766723633e-01
6.321075558662414551e-01
6.300889253616333008e-01
6.320026516914367676e-01
6.294746994972229004e-01
6.279343962669372559e-01
6.330670118331909180e-01
6.306722164154052734e-01
6.439829468727111816e-01
6.474534869194030762e-01
6.436508893966674805e-01
6.412560939788818359e-01
6.446803212165832520e-01
6.412122845649719238e-01
6.438638567924499512e-01
6.373798251152038574e-01
6.379331350326538086e-01
6.347763538360595703e-01
6.390318870544433594e-01
6.373511552810668945e-01
6.439982652664184570e-01
6.485785841941833496e-01
6.494989991188049316e-01
6.465775966644287109e-01
6.454045176506042480e-01
6.406478285789489746e-01
6.396238207817077637e-01
6.289871335029602051e-01
6.215925812721252441e-01
6.198994517326354980e-01
6.238882541656494141e-01
6.256765723228454590e-01
6.196077466011047363e-01
6.217502951622009277e-01
6.239054203033447266e-01
6.257544159889221191e-01
6.146392226219177246e-01
6.154981255531311035e-01
6.158822178840637207e-01
6.196069121360778809e-01
6.240808963775634766e-01
6.213961243629455566e-01
6.194224357604980469e-01
6.154493093490600586e-01
6.110178828239440918e-01
6.118691563606262207e-01
6.187409758567810059e-01
6.173799633979797363e-01
6.179003119468688965e-01
6.107761263847351074e-01
6.114213466644287109e-01
6.080499291419982910e-01
6.143770217895507812e-01
6.185088157653808594e-01
6.219421625137329102e-01
6.199686527252197266e-01
6.170140504837036133e-01
6.191902756690979004e-01
6.126550436019897461e-01
6.126062273979187012e-01
6.231198906898498535e-01
6.196353435516357422e-01
6.771034002304077148e-01
6.797621250152587891e-01
6.852705478668212891e-01
6.809188723564147949e-01
6.779336333274841309e-01
6.812702417373657227e-01
6.846751570701599121e-01
6.908338665962219238e-01
6.814348101615905762e-01
6.828846931457519531e-01
6.855697035789489746e-01
6.897907257080078125e-01
6.872256398200988770e-01
6.872535943984985352e-01
6.892076730728149414e-01
6.879289746284484863e-01
6.908599734306335449e-01
6.910913586616516113e-01
6.870326995849609375e-01
6.884947419166564941e-01
6.914884448051452637e-01
6.926444172859191895e-01
6.904989480972290039e-01
6.874923706054687500e-01
6.856750249862670898e-01
6.875236630439758301e-01
6.865969300270080566e-01
6.893920898437500000e-01
6.870149374008178711e-01
6.845704913139343262e-01
6.877720355987548828e-01
6.938889026641845703e-01
6.953632831573486328e-01
6.901757717132568359e-01
6.864997744560241699e-01
6.856243610382080078e-01
6.883127093315124512e-01
6.923183202743530273e-01
6.907489895820617676e-01
6.927436590194702148e-01
6.900354027748107910e-01
6.825745105743408203e-01
6.854575872421264648e-01
6.851370930671691895e-01
6.872551441192626953e-01
6.894014477729797363e-01
6.910170912742614746e-01
6.887394785881042480e-01
6.843707561492919922e-01
6.885864734649658203e-01
6.234632730484008789e-01
6.346687078475952148e-01
6.276327371597290039e-01
6.323251724243164062e-01
6.300929784774780273e-01
6.303125023841857910e-01
6.280022263526916504e-01
6.250205039978027344e-01
6.232414245605468750e-01
6.214383840560913086e-01
6.245830655097961426e-01
6.284831762313842773e-01
6.296358108520507812e-01
6.364341974258422852e-01
6.344501972198486328e-01
6.334210634231567383e-01
6.305980682373046875e-01
6.285709738731384277e-01
6.318547129631042480e-01
6.345122456550598145e-01
6.400980949401855469e-01
6.373609304428100586e-01
6.400684118270874023e-01
6.465639472007751465e-01
6.436557173728942871e-01
6.429125070571899414e-01
6.467933058738708496e-01
6.435007452964782715e-01
6.429580450057983398e-01
6.407656669616699219e-01
6.444503068923950195e-01
6.468842029571533203e-01
6.483787298202514648e-01
6.492156386375427246e-01
6.481359004974365234e-01
6.554763317108154297e-01
6.520555019378662109e-01
6.539353728294372559e-01
6.517319679260253906e-01
6.492522954940795898e-01
6.439166069030761719e-01
6.474515795707702637e-01
6.421702504158020020e-01
6.392028331756591797e-01
6.428058147430419922e-01
6.387851834297180176e-01
6.321477890014648438e-01
6.351352334022521973e-01
6.345130205154418945e-01
6.363023519515991211e-01
6.409195065498352051e-01
6.261054873466491699e-01
6.281936764717102051e-01
6.266283392906188965e-01
6.291266083717346191e-01
6.286463141441345215e-01
6.284316778182983398e-01
6.309385895729064941e-01
6.311241984367370605e-01
6.317751407623291016e-01
6.324940919876098633e-01
6.217828989028930664e-01
6.236703395843505859e-01
6.194416880607604980e-01
6.276843547821044922e-01
6.346945762634277344e-01
6.369549036026000977e-01
6.372923851013183594e-01
6.355226039886474609e-01
6.279536485671997070e-01
6.238850951194763184e-01
6.274315118789672852e-01
6.297534704208374023e-01
6.253762245178222656e-01
6.244259476661682129e-01
6.218671202659606934e-01
6.199216246604919434e-01
6.198298931121826172e-01
6.252951025962829590e-01
6.322481036186218262e-01
6.338490843772888184e-01
6.253035068511962891e-01
6.256129741668701172e-01
6.245417594909667969e-01
6.262627243995666504e-01
6.235424280166625977e-01
6.227048039436340332e-01
6.182401180267333984e-01
6.228004097938537598e-01
6.225783228874206543e-01
6.294257640838623047e-01
6.258243322372436523e-01
6.223441958427429199e-01
6.315245032310485840e-01
6.272684335708618164e-01
6.295826435089111328e-01
6.330361366271972656e-01
6.326584815979003906e-01
6.328219771385192871e-01
6.309673190116882324e-01
6.277455687522888184e-01
6.242620348930358887e-01
6.281399726867675781e-01
6.224341988563537598e-01
6.211879849433898926e-01
6.159414649009704590e-01
6.109948158264160156e-01
6.083938479423522949e-01
6.079072356224060059e-01
6.001443266868591309e-01
5.924743413925170898e-01
5.981234908103942871e-01
5.924958586692810059e-01
5.938627719879150391e-01
5.865746736526489258e-01
5.831727385520935059e-01
5.839098095893859863e-01
5.800104737281799316e-01
5.741693377494812012e-01
5.740505456924438477e-01
5.753604769706726074e-01
5.720684528350830078e-01
5.671498775482177734e-01
5.645517110824584961e-01
5.697545409202575684e-01
5.677620172500610352e-01
5.677626132965087891e-01
5.705117583274841309e-01
5.583482384681701660e-01
5.540097355842590332e-01
5.464214086532592773e-01
5.512641668319702148e-01
5.478675961494445801e-01
5.477463603019714355e-01
5.471564531326293945e-01
5.381877422332763672e-01
5.343590378761291504e-01
5.363373756408691406e-01
5.300564765930175781e-01
5.301705002784729004e-01
5.247782468795776367e-01
5.278425812721252441e-01
5.294788479804992676e-01
5.253477692604064941e-01
5.226067304611206055e-01
5.160838365554809570e-01
5.174318552017211914e-01
5.144127011299133301e-01
5.161768198013305664e-01
5.165256261825561523e-01
5.133426189422607422e-01
5.148606896400451660e-01
5.133330225944519043e-01
5.153841972351074219e-01
5.168076753616333008e-01
5.208614468574523926e-01
5.405730009078979492e-01
5.368545055389404297e-01
5.424959063529968262e-01
5.425398349761962891e-01
5.451593399047851562e-01
5.425145626068115234e-01
5.470917224884033203e-01
5.413361787796020508e-01
5.356209874153137207e-01
5.357430577278137207e-01
5.353290438652038574e-01
5.408556461334228516e-01
5.412948131561279297e-01
5.429216623306274414e-01
5.351831316947937012e-01
5.411741137504577637e-01
5.399024486541748047e-01
5.361549258232116699e-01
5.353549718856811523e-01
5.370892882347106934e-01
5.376644730567932129e-01
5.287000536918640137e-01
5.336648821830749512e-01
5.359503626823425293e-01
5.422741174697875977e-01
5.395303368568420410e-01
5.451506376266479492e-01
5.439243912696838379e-01
5.432527065277099609e-01
5.443792939186096191e-01
5.627533793449401855e-01
5.640188455581665039e-01
5.655245780944824219e-01
5.673114657402038574e-01
5.677507519721984863e-01
5.648899078369140625e-01
5.623767971992492676e-01
5.682421326637268066e-01
5.702121257781982422e-01
5.756042599678039551e-01
5.752981305122375488e-01
5.745791792869567871e-01
5.701759457588195801e-01
5.714862346649169922e-01
5.719832181930541992e-01
5.703399181365966797e-01
5.692705512046813965e-01
5.686543583869934082e-01
5.683668851852416992e-01
5.672868490219116211e-01
5.523467063903808594e-01
5.507431626319885254e-01
5.479018688201904297e-01
5.548593997955322266e-01
5.528627634048461914e-01
5.532205104827880859e-01
5.500745773315429688e-01
5.543636083602905273e-01
5.674592852592468262e-01
5.660206079483032227e-01
5.874260067939758301e-01
5.891435742378234863e-01
5.860623717308044434e-01
5.838344693183898926e-01
5.924332141876220703e-01
5.872718691825866699e-01
5.931448936462402344e-01
5.959037542343139648e-01
5.950141549110412598e-01
5.893138647079467773e-01
5.861477255821228027e-01
5.919111967086791992e-01
5.917804241180419922e-01
5.894511342048645020e-01
5.841153860092163086e-01
5.803244113922119141e-01
5.799463391304016113e-01
5.813056826591491699e-01
5.837009549140930176e-01
5.869796872138977051e-01
5.720359683036804199e-01
5.665536522865295410e-01
5.603151321411132812e-01
5.543578267097473145e-01
5.541135668754577637e-01
5.540354251861572266e-01
5.560687780380249023e-01
5.487905740737915039e-01
5.501816272735595703e-01
5.460720062255859375e-01
5.406971573829650879e-01
5.414261817932128906e-01
5.456655025482177734e-01
5.378329753875732422e-01
5.399271845817565918e-01
5.435262918472290039e-01
5.365295410156250000e-01
5.383842587471008301e-01
5.320215821266174316e-01
5.350426435470581055e-01
5.405868887901306152e-01
5.453179478645324707e-01
5.485313534736633301e-01
5.448898673057556152e-01
5.481714010238647461e-01
5.542346835136413574e-01
5.639199614524841309e-01
5.661799907684326172e-01
5.599917769432067871e-01
5.593912005424499512e-01
5.415662527084350586e-01
5.368602275848388672e-01
5.452232956886291504e-01
5.467655658721923828e-01
5.408295392990112305e-01
5.390521883964538574e-01
5.361251831054687500e-01
5.409061908721923828e-01
5.389894247055053711e-01
5.428832173347473145e-01
5.482270121574401855e-01
5.485539436340332031e-01
5.453107953071594238e-01
5.459821224212646484e-01
5.418980717658996582e-01
5.503134131431579590e-01
5.427783727645874023e-01
5.367332696914672852e-01
5.367574095726013184e-01
5.416676998138427734e-01
5.416542887687683105e-01
5.439615845680236816e-01
5.539188981056213379e-01
5.570214986801147461e-01
5.561740398406982422e-01
5.647112131118774414e-01
5.638189911842346191e-01
5.656434893608093262e-01
5.934247970581054688e-01
5.929210782051086426e-01
5.944331288337707520e-01
5.945937633514404297e-01
5.911781191825866699e-01
5.942550897598266602e-01
5.899262428283691406e-01
5.907886028289794922e-01
5.980063080787658691e-01
5.968496203422546387e-01
5.970994234085083008e-01
5.976015329360961914e-01
5.936500430107116699e-01
5.953740477561950684e-01
5.916851162910461426e-01
5.968540310859680176e-01
6.012198925018310547e-01
6.002517938613891602e-01
5.985711812973022461e-01
5.968366861343383789e-01
5.948366522789001465e-01
5.923918485641479492e-01
5.917583703994750977e-01
5.931335687637329102e-01
5.920296311378479004e-01
5.953404307365417480e-01
5.963837504386901855e-01
5.994595289230346680e-01
6.008778810501098633e-01
6.001613736152648926e-01
5.975084304809570312e-01
7.045649886131286621e-01
7.023012042045593262e-01
7.016378045082092285e-01
7.032319903373718262e-01
7.016681432723999023e-01
7.051061391830444336e-01
6.989964246749877930e-01
7.011362314224243164e-01
7.051644325256347656e-01
7.069383263587951660e-01
7.052440047264099121e-01
7.064084410667419434e-01
7.054148912429809570e-01
7.059505581855773926e-01
7.044235467910766602e-01
7.025675773620605469e-01
6.959337592124938965e-01
6.987805366516113281e-01
7.081666588783264160e-01
6.814975738525390625e-01
6.882948875427246094e-01
6.931002736091613770e-01
6.914267539978027344e-01
6.920424103736877441e-01
6.947444677352905273e-01
6.959509253501892090e-01
7.000510692596435547e-01
6.962691545486450195e-01
6.993228793144226074e-01
7.020046114921569824e-01
6.956536769866943359e-01
6.923866868019104004e-01
6.928950548171997070e-01
6.990491747856140137e-01
6.962828636169433594e-01
6.947922706604003906e-01
6.927998065948486328e-01
6.851780414581298828e-01
6.829556822776794434e-01
7.229156494140625000e-01
7.318300604820251465e-01
7.282271385192871094e-01
7.386450767517089844e-01
7.378019094467163086e-01
7.588914632797241211e-01
7.569101452827453613e-01
7.553054690361022949e-01
7.517978549003601074e-01
7.423545718193054199e-01
7.460896372795104980e-01
6.374989151954650879e-01
6.382124423980712891e-01
6.513850688934326172e-01
6.528189182281494141e-01
6.673582196235656738e-01
6.647791266441345215e-01
6.676396131515502930e-01
6.640698313713073730e-01
6.684153079986572266e-01
6.677132248878479004e-01
6.628865003585815430e-01
6.612861752510070801e-01
6.646327972412109375e-01
6.597273945808410645e-01
6.628051996231079102e-01
6.670135259628295898e-01
6.701471209526062012e-01
6.734074354171752930e-01
6.646444797515869141e-01
6.648213267326354980e-01
6.637896895408630371e-01
6.756869554519653320e-01
6.784028410911560059e-01
6.787335276603698730e-01
6.730169653892517090e-01
6.750589609146118164e-01
6.774409413337707520e-01
6.783661842346191406e-01
6.737101674079895020e-01
6.771433353424072266e-01
6.828454732894897461e-01
6.857831478118896484e-01
6.859918236732482910e-01
6.888908147811889648e-01
6.883895993232727051e-01
6.827355027198791504e-01
6.814288496971130371e-01
6.899753808975219727e-01
6.919328570365905762e-01
6.544466614723205566e-01
6.522995233535766602e-01
6.475000977516174316e-01
6.353501677513122559e-01
6.310929656028747559e-01
6.065233349800109863e-01
6.094107627868652344e-01
6.176344156265258789e-01
6.274687051773071289e-01
6.348775029182434082e-01
6.360514163970947266e-01
6.401076316833496094e-01
6.435623764991760254e-01
6.294873952865600586e-01
6.272550821304321289e-01
6.116147041320800781e-01
6.160801053047180176e-01
6.193869113922119141e-01
6.254208087921142578e-01
6.237915754318237305e-01
6.226752996444702148e-01
6.246982216835021973e-01
6.293968558311462402e-01
6.396830081939697266e-01
6.409400701522827148e-01
6.389454007148742676e-01
6.373676061630249023e-01
6.328085064888000488e-01
6.286281347274780273e-01
6.272487640380859375e-01
6.296626925468444824e-01
6.254115700721740723e-01
6.116343736648559570e-01
6.122930645942687988e-01
6.088911890983581543e-01
6.138578653335571289e-01
6.147429943084716797e-01
6.057613492012023926e-01
6.089098453521728516e-01
6.135075688362121582e-01
6.154538989067077637e-01
6.132231950759887695e-01
6.104087233543395996e-01
6.107438802719116211e-01
6.080242991447448730e-01
6.099526882171630859e-01
6.159247159957885742e-01
6.218305826187133789e-01
6.124650239944458008e-01
6.104129552841186523e-01
6.078957915306091309e-01
5.996843576431274414e-01
6.085942387580871582e-01
6.064217686653137207e-01
6.197861433029174805e-01
6.219604611396789551e-01
6.184669733047485352e-01
6.095967292785644531e-01
6.042685508728027344e-01
6.132480502128601074e-01
6.142504215240478516e-01
6.155728697776794434e-01
6.127065420150756836e-01
6.200460791587829590e-01
6.232677698135375977e-01
6.249997019767761230e-01
6.232176423072814941e-01
6.216602921485900879e-01
6.230165362358093262e-01
6.241155266761779785e-01
6.261734366416931152e-01
6.287314891815185547e-01
6.231620311737060547e-01
6.081990003585815430e-01
6.123840808868408203e-01
6.146751046180725098e-01
6.197514533996582031e-01
