8.984569311141967773e-01
8.952663540840148926e-01
8.742327094078063965e-01
8.643330931663513184e-01
8.519796133041381836e-01
8.470475673675537109e-01
8.414186835289001465e-01
8.333367109298706055e-01
8.238220214843750000e-01
8.138025403022766113e-01
8.026296496391296387e-01
7.835490703582763672e-01
7.674195766448974609e-01
7.555536031723022461e-01
7.489924430847167969e-01
7.379268407821655273e-01
7.239387631416320801e-01
7.104497551918029785e-01
7.088305950164794922e-01
6.954888105392456055e-01
6.896601319313049316e-01
6.831150650978088379e-01
6.776924133300781250e-01
6.675234436988830566e-01
6.675583720207214355e-01
6.614543199539184570e-01
6.557826399803161621e-01
6.399819850921630859e-01
6.381025910377502441e-01
6.251095533370971680e-01
