1.326923966407775879e+00
1.311823010444641113e+00
1.305320382118225098e+00
1.297803759574890137e+00
1.298026323318481445e+00
1.287721991539001465e+00
1.290823101997375488e+00
1.283869028091430664e+00
1.285972118377685547e+00
1.275387048721313477e+00
1.270441174507141113e+00
1.271395206451416016e+00
1.271522879600524902e+00
1.267139554023742676e+00
1.256357073783874512e+00
1.254252433776855469e+00
1.248599886894226074e+00
1.245788931846618652e+00
1.247355103492736816e+00
1.247789621353149414e+00
1.252858877182006836e+00
1.244402408599853516e+00
1.243073225021362305e+00
1.247103452682495117e+00
1.244714498519897461e+00
1.238761425018310547e+00
1.238871812820434570e+00
1.225776553153991699e+00
1.227571368217468262e+00
1.223305225372314453e+00
1.219712018966674805e+00
1.222482800483703613e+00
1.220081210136413574e+00
1.220996499061584473e+00
1.220468759536743164e+00
1.220712542533874512e+00
1.221971869468688965e+00
1.221874713897705078e+00
1.221450448036193848e+00
1.222866177558898926e+00
1.220011711120605469e+00
1.214121341705322266e+00
1.200869321823120117e+00
1.202785849571228027e+00
1.200892925262451172e+00
1.200959682464599609e+00
1.200727820396423340e+00
1.202078580856323242e+00
1.207111954689025879e+00
1.205451369285583496e+00
1.208840131759643555e+00
1.212221741676330566e+00
1.205790519714355469e+00
1.208945274353027344e+00
1.208407640457153320e+00
1.208229541778564453e+00
1.206110239028930664e+00
1.198016762733459473e+00
1.202124834060668945e+00
1.201302766799926758e+00
1.205580115318298340e+00
1.197979807853698730e+00
1.199144601821899414e+00
1.202390551567077637e+00
1.203263878822326660e+00
1.206312775611877441e+00
1.201397180557250977e+00
1.213346838951110840e+00
1.213636398315429688e+00
1.212215065956115723e+00
1.205747365951538086e+00
1.214554786682128906e+00
1.212788105010986328e+00
1.207916855812072754e+00
1.208309412002563477e+00
1.204110383987426758e+00
1.205522537231445312e+00
1.206487894058227539e+00
1.204201936721801758e+00
1.200109601020812988e+00
1.197826981544494629e+00
1.200311660766601562e+00
1.209941983222961426e+00
1.208705782890319824e+00
1.210393548011779785e+00
1.211037158966064453e+00
1.204426765441894531e+00
1.204167127609252930e+00
1.198604106903076172e+00
1.201360225677490234e+00
1.206702232360839844e+00
1.200357913970947266e+00
1.214594364166259766e+00
1.214536786079406738e+00
1.218096613883972168e+00
1.224645853042602539e+00
1.228841543197631836e+00
1.229472994804382324e+00
1.227279067039489746e+00
1.223446846008300781e+00
1.224811911582946777e+00
1.224604368209838867e+00
1.231650233268737793e+00
1.235141396522521973e+00
1.231387615203857422e+00
1.237602233886718750e+00
1.240109443664550781e+00
1.245681285858154297e+00
1.242787837982177734e+00
1.245603084564208984e+00
1.240599632263183594e+00
1.251127600669860840e+00
1.250852108001708984e+00
1.250836730003356934e+00
1.256807208061218262e+00
1.250592708587646484e+00
1.252775192260742188e+00
1.237299203872680664e+00
1.241283416748046875e+00
1.243923664093017578e+00
1.241098523139953613e+00
1.244595527648925781e+00
1.247461676597595215e+00
1.257585406303405762e+00
1.259480714797973633e+00
1.260725378990173340e+00
1.262128353118896484e+00
1.264549374580383301e+00
1.262099027633666992e+00
1.267327785491943359e+00
1.269151568412780762e+00
1.271983146667480469e+00
1.270252585411071777e+00
1.270759940147399902e+00
1.276212334632873535e+00
1.267802596092224121e+00
1.272725462913513184e+00
1.274515271186828613e+00
1.279515027999877930e+00
1.285208702087402344e+00
1.278625845909118652e+00
1.284384131431579590e+00
1.283302903175354004e+00
1.286894559860229492e+00
1.285531282424926758e+00
1.278067588806152344e+00
1.279277801513671875e+00
1.279680728912353516e+00
1.282234787940979004e+00
1.288648962974548340e+00
1.284953355789184570e+00
1.282407641410827637e+00
1.282239437103271484e+00
1.279508709907531738e+00
1.289151787757873535e+00
1.283386826515197754e+00
1.282593846321105957e+00
1.281283974647521973e+00
1.281411767005920410e+00
1.281681060791015625e+00
1.282220721244812012e+00
1.277210354804992676e+00
1.275595068931579590e+00
1.276544094085693359e+00
1.270395636558532715e+00
1.274937748908996582e+00
1.278949856758117676e+00
1.295089006423950195e+00
1.290115237236022949e+00
1.285013675689697266e+00
1.289664030075073242e+00
1.287992596626281738e+00
1.282441973686218262e+00
1.275719165802001953e+00
1.273184061050415039e+00
1.288327813148498535e+00
1.285943627357482910e+00
1.282744407653808594e+00
1.287045478820800781e+00
1.287870883941650391e+00
1.291464328765869141e+00
1.283614397048950195e+00
1.279504299163818359e+00
1.282741904258728027e+00
1.269940257072448730e+00
1.276625275611877441e+00
1.277678012847900391e+00
1.274120450019836426e+00
1.274910092353820801e+00
1.267326712608337402e+00
1.269788503646850586e+00
1.270941257476806641e+00
1.275788068771362305e+00
1.270424962043762207e+00
1.269912242889404297e+00
1.259202122688293457e+00
1.254545569419860840e+00
1.252653598785400391e+00
1.245774984359741211e+00
1.237154483795166016e+00
1.240336418151855469e+00
1.241126894950866699e+00
1.238838911056518555e+00
1.235406875610351562e+00
1.229581832885742188e+00
1.224808454513549805e+00
1.220402240753173828e+00
1.224581956863403320e+00
1.221279859542846680e+00
1.219967842102050781e+00
1.215093851089477539e+00
1.208635091781616211e+00
1.214140415191650391e+00
1.209078788757324219e+00
1.204518198966979980e+00
1.204231977462768555e+00
1.198800325393676758e+00
1.184381365776062012e+00
1.183401107788085938e+00
1.185181975364685059e+00
1.187168002128601074e+00
1.184095263481140137e+00
1.191100239753723145e+00
1.189025402069091797e+00
1.186724424362182617e+00
1.168884515762329102e+00
1.163723587989807129e+00
1.162401437759399414e+00
1.158051013946533203e+00
1.160749554634094238e+00
1.162255764007568359e+00
1.156185030937194824e+00
1.153565287590026855e+00
1.147849082946777344e+00
1.153640031814575195e+00
1.151039481163024902e+00
1.142251014709472656e+00
1.138197660446166992e+00
1.133385181427001953e+00
1.134210109710693359e+00
1.134367108345031738e+00
1.130197167396545410e+00
1.118991374969482422e+00
1.121646881103515625e+00
1.113792300224304199e+00
1.122224211692810059e+00
1.118838071823120117e+00
1.116627097129821777e+00
1.116471052169799805e+00
1.125954270362854004e+00
1.125562191009521484e+00
1.124223232269287109e+00
1.122332096099853516e+00
1.110632419586181641e+00
1.106624722480773926e+00
1.111033678054809570e+00
1.113175630569458008e+00
1.107014894485473633e+00
1.112147688865661621e+00
1.106790900230407715e+00
1.114045619964599609e+00
1.114644646644592285e+00
1.108324408531188965e+00
1.110166192054748535e+00
1.113559246063232422e+00
1.114377021789550781e+00
1.113689780235290527e+00
1.115130662918090820e+00
1.112957358360290527e+00
1.112200736999511719e+00
1.107402920722961426e+00
1.111555337905883789e+00
1.107146024703979492e+00
1.103285312652587891e+00
1.103883147239685059e+00
1.112587928771972656e+00
1.115099668502807617e+00
1.114817380905151367e+00
1.117796540260314941e+00
1.114734530448913574e+00
1.111753344535827637e+00
1.120656609535217285e+00
1.129939079284667969e+00
1.136477351188659668e+00
1.134404778480529785e+00
1.134436607360839844e+00
1.138531088829040527e+00
1.146486997604370117e+00
1.146786093711853027e+00
1.140515327453613281e+00
1.150563001632690430e+00
1.151436209678649902e+00
1.151232361793518066e+00
1.148225069046020508e+00
1.154734849929809570e+00
1.150810360908508301e+00
1.156356096267700195e+00
1.162980914115905762e+00
1.164757728576660156e+00
1.159499287605285645e+00
1.155483007431030273e+00
1.158893465995788574e+00
1.162991762161254883e+00
1.172665953636169434e+00
1.168973326683044434e+00
1.170383810997009277e+00
1.167724132537841797e+00
1.167326331138610840e+00
1.163235068321228027e+00
1.161126971244812012e+00
1.164160966873168945e+00
1.169730544090270996e+00
1.170995473861694336e+00
1.173262000083923340e+00
1.169853568077087402e+00
1.171451091766357422e+00
1.172694563865661621e+00
1.172499656677246094e+00
1.174404621124267578e+00
1.168331503868103027e+00
1.166845202445983887e+00
1.166819453239440918e+00
1.168057441711425781e+00
1.167042851448059082e+00
1.170258045196533203e+00
1.167856097221374512e+00
1.169569849967956543e+00
1.166902184486389160e+00
1.161714673042297363e+00
1.157079577445983887e+00
1.153464317321777344e+00
1.154774308204650879e+00
1.147580742835998535e+00
1.147797822952270508e+00
1.145542502403259277e+00
1.138398170471191406e+00
1.136091709136962891e+00
1.130669116973876953e+00
1.125330209732055664e+00
1.128971815109252930e+00
1.116493105888366699e+00
1.118746280670166016e+00
1.122731208801269531e+00
1.123332858085632324e+00
1.130360603332519531e+00
1.136289954185485840e+00
1.135083317756652832e+00
1.127806425094604492e+00
1.123769044876098633e+00
1.127864718437194824e+00
1.130203723907470703e+00
1.122893095016479492e+00
1.121321678161621094e+00
1.124127864837646484e+00
1.133062124252319336e+00
1.128408670425415039e+00
1.130457878112792969e+00
1.135337114334106445e+00
1.138124823570251465e+00
1.153574228286743164e+00
1.148532509803771973e+00
1.144877552986145020e+00
1.145471692085266113e+00
1.150458455085754395e+00
1.153872966766357422e+00
1.149543046951293945e+00
1.146077394485473633e+00
1.147846102714538574e+00
1.145001769065856934e+00
1.149976253509521484e+00
1.156097173690795898e+00
1.158479928970336914e+00
1.157702922821044922e+00
1.150925874710083008e+00
1.156418204307556152e+00
1.154803633689880371e+00
1.156784534454345703e+00
1.153664350509643555e+00
1.153267264366149902e+00
1.158768177032470703e+00
1.157939314842224121e+00
1.154975891113281250e+00
1.159115910530090332e+00
1.155071258544921875e+00
1.158026933670043945e+00
1.168499469757080078e+00
1.172948598861694336e+00
1.181192994117736816e+00
1.185212612152099609e+00
1.188508391380310059e+00
1.195857048034667969e+00
1.188768267631530762e+00
1.193380117416381836e+00
1.185665607452392578e+00
1.181978344917297363e+00
1.180799365043640137e+00
1.186513543128967285e+00
1.187864542007446289e+00
1.195467352867126465e+00
1.191672682762145996e+00
1.192041277885437012e+00
1.194836258888244629e+00
1.197390317916870117e+00
1.196032285690307617e+00
1.196372151374816895e+00
1.199988961219787598e+00
1.200285434722900391e+00
1.194483757019042969e+00
1.186839699745178223e+00
1.174312591552734375e+00
1.177101492881774902e+00
1.177915692329406738e+00
1.176921963691711426e+00
1.168205738067626953e+00
1.174672961235046387e+00
1.171351432800292969e+00
1.182774543762207031e+00
1.176154017448425293e+00
1.179884076118469238e+00
1.185706377029418945e+00
1.176145195960998535e+00
1.170445442199707031e+00
1.171970486640930176e+00
1.179080486297607422e+00
1.165646672248840332e+00
1.157852530479431152e+00
1.155453085899353027e+00
1.164682507514953613e+00
1.167072653770446777e+00
1.168033242225646973e+00
1.171447396278381348e+00
1.168581247329711914e+00
1.167380571365356445e+00
1.172624707221984863e+00
1.176436662673950195e+00
1.174234867095947266e+00
1.174018263816833496e+00
1.167461872100830078e+00
1.160143494606018066e+00
1.161327004432678223e+00
1.160695672035217285e+00
1.160384654998779297e+00
1.157275080680847168e+00
1.170485377311706543e+00
1.166042685508728027e+00
1.167874932289123535e+00
1.166470289230346680e+00
1.170009136199951172e+00
1.168467402458190918e+00
1.170657396316528320e+00
1.171605587005615234e+00
1.167638063430786133e+00
1.165163040161132812e+00
1.163960337638854980e+00
1.167137384414672852e+00
1.164757609367370605e+00
1.170217871665954590e+00
1.177585721015930176e+00
1.181289792060852051e+00
1.188256382942199707e+00
1.178190350532531738e+00
1.180804729461669922e+00
1.173594236373901367e+00
1.179283499717712402e+00
1.166895031929016113e+00
1.161969184875488281e+00
1.158268094062805176e+00
1.169986128807067871e+00
1.167753934860229492e+00
1.164687395095825195e+00
1.168496727943420410e+00
1.168975114822387695e+00
1.165237903594970703e+00
1.171962976455688477e+00
1.173299312591552734e+00
1.179508209228515625e+00
1.181094169616699219e+00
1.180034160614013672e+00
1.185760140419006348e+00
1.185967683792114258e+00
1.183903813362121582e+00
1.193830490112304688e+00
1.194626331329345703e+00
1.190347552299499512e+00
1.186791896820068359e+00
1.189994096755981445e+00
1.184544086456298828e+00
1.178680419921875000e+00
1.190540671348571777e+00
1.189476966857910156e+00
1.184307336807250977e+00
1.181945204734802246e+00
1.177909135818481445e+00
1.172272801399230957e+00
1.178392529487609863e+00
1.174838662147521973e+00
1.170084714889526367e+00
1.169854044914245605e+00
1.165844917297363281e+00
1.155464529991149902e+00
1.151744127273559570e+00
1.155640840530395508e+00
1.156846642494201660e+00
1.161487102508544922e+00
1.153324484825134277e+00
1.158041715621948242e+00
1.153556585311889648e+00
1.148778438568115234e+00
1.150788784027099609e+00
1.148317575454711914e+00
1.161153435707092285e+00
1.160716295242309570e+00
1.167437791824340820e+00
1.154075026512145996e+00
1.165658235549926758e+00
1.171528577804565430e+00
1.168600678443908691e+00
1.161876201629638672e+00
1.165309667587280273e+00
1.170655369758605957e+00
1.169750452041625977e+00
1.167488813400268555e+00
1.168866634368896484e+00
1.158117055892944336e+00
1.157770514488220215e+00
1.164283871650695801e+00
1.160212516784667969e+00
1.156412959098815918e+00
1.153433918952941895e+00
1.149567365646362305e+00
1.152414441108703613e+00
1.145723462104797363e+00
1.143233895301818848e+00
1.145581841468811035e+00
1.149284839630126953e+00
1.150750637054443359e+00
1.159184813499450684e+00
1.155068635940551758e+00
1.155808091163635254e+00
1.158931970596313477e+00
1.164938807487487793e+00
1.178660392761230469e+00
1.185976028442382812e+00
1.187862277030944824e+00
1.185493588447570801e+00
1.179705262184143066e+00
1.180652379989624023e+00
1.177450895309448242e+00
1.186178684234619141e+00
1.190499544143676758e+00
1.188676357269287109e+00
1.192847847938537598e+00
1.192674517631530762e+00
1.184743642807006836e+00
1.181692838668823242e+00
1.179278254508972168e+00
1.170826673507690430e+00
1.169701218605041504e+00
1.165392398834228516e+00
1.164540767669677734e+00
1.164481639862060547e+00
1.163514733314514160e+00
1.163377642631530762e+00
1.174865484237670898e+00
1.166306257247924805e+00
1.168699741363525391e+00
1.163580656051635742e+00
1.161701440811157227e+00
1.156283855438232422e+00
1.148962378501892090e+00
1.150123357772827148e+00
1.151623725891113281e+00
1.151129603385925293e+00
1.155928611755371094e+00
1.160446763038635254e+00
1.153094649314880371e+00
1.156692504882812500e+00
1.159507632255554199e+00
1.163074374198913574e+00
1.165215849876403809e+00
1.160633563995361328e+00
1.154417395591735840e+00
1.152960419654846191e+00
1.151422619819641113e+00
1.147944927215576172e+00
1.145444154739379883e+00
1.143837332725524902e+00
1.158599972724914551e+00
1.159800052642822266e+00
1.149031758308410645e+00
1.142434120178222656e+00
1.134163379669189453e+00
1.127714991569519043e+00
1.126970052719116211e+00
1.126259565353393555e+00
1.134407997131347656e+00
1.134195089340209961e+00
1.137464642524719238e+00
1.126275658607482910e+00
1.129838228225708008e+00
1.136346220970153809e+00
1.133501291275024414e+00
1.132349491119384766e+00
1.136925935745239258e+00
1.142979621887207031e+00
1.143838524818420410e+00
1.157637000083923340e+00
1.157732367515563965e+00
1.159134268760681152e+00
1.155703544616699219e+00
1.145744800567626953e+00
1.140392422676086426e+00
1.135562777519226074e+00
1.127401113510131836e+00
1.124997138977050781e+00
1.124722361564636230e+00
1.129463553428649902e+00
1.124709963798522949e+00
1.125387787818908691e+00
1.124210953712463379e+00
1.124585390090942383e+00
1.123585343360900879e+00
1.121157646179199219e+00
1.117958784103393555e+00
1.113378167152404785e+00
1.115426540374755859e+00
1.113158226013183594e+00
1.108094334602355957e+00
1.109231233596801758e+00
1.109981179237365723e+00
1.113000512123107910e+00
1.114553928375244141e+00
1.109238386154174805e+00
1.106337428092956543e+00
1.102226614952087402e+00
1.099553108215332031e+00
1.097494840621948242e+00
1.092030525207519531e+00
1.091334342956542969e+00
1.097090244293212891e+00
1.096300005912780762e+00
1.099586963653564453e+00
1.098560452461242676e+00
1.096981287002563477e+00
1.095225453376770020e+00
1.098149776458740234e+00
1.102327108383178711e+00
1.096463561058044434e+00
1.097591519355773926e+00
1.098057270050048828e+00
1.095628499984741211e+00
1.096736192703247070e+00
1.090694189071655273e+00
1.086294889450073242e+00
1.085425019264221191e+00
1.090324997901916504e+00
1.087354302406311035e+00
1.086651086807250977e+00
1.085760116577148438e+00
1.087196707725524902e+00
1.087113618850708008e+00
1.088304877281188965e+00
1.090216398239135742e+00
1.093307971954345703e+00
1.100376486778259277e+00
1.099153995513916016e+00
1.096007227897644043e+00
1.100475430488586426e+00
1.104520678520202637e+00
1.106626033782958984e+00
1.107609033584594727e+00
1.103884816169738770e+00
1.107475161552429199e+00
1.102221012115478516e+00
1.101833224296569824e+00
1.102404117584228516e+00
1.101217746734619141e+00
1.108734250068664551e+00
1.100095987319946289e+00
1.099464416503906250e+00
1.098633408546447754e+00
1.099759936332702637e+00
1.102982997894287109e+00
1.102589488029479980e+00
1.106470942497253418e+00
1.106780529022216797e+00
1.111328005790710449e+00
1.106493711471557617e+00
1.099624156951904297e+00
1.096756100654602051e+00
1.099087953567504883e+00
1.102076292037963867e+00
1.105886578559875488e+00
1.102883100509643555e+00
1.099622249603271484e+00
1.091555356979370117e+00
1.088821172714233398e+00
1.094096302986145020e+00
1.101175427436828613e+00
1.096551418304443359e+00
1.099773526191711426e+00
1.100556135177612305e+00
1.104716300964355469e+00
1.111982107162475586e+00
1.116604685783386230e+00
1.115514039993286133e+00
1.111373424530029297e+00
1.107804894447326660e+00
1.109832644462585449e+00
1.115587353706359863e+00
1.113901495933532715e+00
1.119541406631469727e+00
1.118335604667663574e+00
1.109604716300964355e+00
1.109307289123535156e+00
1.113015770912170410e+00
1.115684866905212402e+00
1.119707822799682617e+00
1.121379137039184570e+00
1.118914842605590820e+00
1.121731281280517578e+00
1.135523200035095215e+00
1.138618111610412598e+00
1.138733625411987305e+00
1.142495512962341309e+00
1.144120812416076660e+00
1.145247936248779297e+00
1.144606113433837891e+00
1.143898129463195801e+00
1.147689461708068848e+00
1.141495943069458008e+00
1.140247464179992676e+00
1.138654351234436035e+00
1.140911817550659180e+00
1.135954260826110840e+00
1.135488271713256836e+00
1.124859929084777832e+00
1.122229576110839844e+00
1.121088266372680664e+00
1.119249224662780762e+00
1.106338143348693848e+00
1.095202565193176270e+00
1.092897534370422363e+00
1.090211510658264160e+00
1.092026472091674805e+00
1.092479586601257324e+00
1.090455293655395508e+00
1.085913181304931641e+00
1.078801155090332031e+00
1.075374364852905273e+00
1.063953876495361328e+00
1.054809451103210449e+00
1.047274589538574219e+00
1.040364503860473633e+00
1.030139803886413574e+00
1.016514301300048828e+00
1.012793898582458496e+00
1.013024091720581055e+00
1.001812934875488281e+00
9.879559278488159180e-01
9.921883940696716309e-01
9.857850670814514160e-01
9.772311449050903320e-01
9.863470196723937988e-01
9.771510362625122070e-01
9.650515913963317871e-01
9.594799280166625977e-01
9.495834112167358398e-01
9.380890130996704102e-01
9.335387349128723145e-01
9.266087412834167480e-01
9.090192317962646484e-01
8.984689116477966309e-01
8.989565372467041016e-01
8.954849839210510254e-01
8.948408365249633789e-01
8.884178400039672852e-01
8.817417025566101074e-01
8.777894377708435059e-01
8.672202825546264648e-01
8.683593869209289551e-01
8.672391772270202637e-01
8.740383982658386230e-01
8.731792569160461426e-01
8.746065497398376465e-01
8.731640577316284180e-01
8.703863024711608887e-01
8.765975236892700195e-01
8.746053576469421387e-01
8.680312633514404297e-01
8.804046511650085449e-01
8.813533782958984375e-01
8.808816671371459961e-01
8.849135041236877441e-01
8.892066478729248047e-01
8.861312866210937500e-01
8.827944397926330566e-01
8.819752335548400879e-01
8.833565711975097656e-01
8.867933154106140137e-01
8.851454854011535645e-01
8.846952915191650391e-01
8.845589160919189453e-01
8.876351118087768555e-01
8.955457210540771484e-01
nan
nan
nan
nan
nan
nan
nan
nan
nan
nan
nan
nan
nan
nan
nan
nan
nan
nan
nan
nan
nan
nan
nan
nan
nan
nan
nan
nan
nan
nan
nan
nan
nan
nan
nan
nan
nan
nan
nan
nan
nan
nan
nan
nan
nan
nan
nan
nan
nan
nan
8.799783587455749512e-01
8.754535913467407227e-01
8.770198822021484375e-01
8.779345154762268066e-01
8.740738034248352051e-01
8.806162476539611816e-01
8.792040944099426270e-01
8.801684379577636719e-01
8.801492452621459961e-01
8.768428564071655273e-01
8.781628608703613281e-01
8.763955831527709961e-01
8.713566064834594727e-01
8.695700764656066895e-01
8.701100349426269531e-01
8.608646392822265625e-01
8.570136427879333496e-01
8.638629317283630371e-01
8.648199439048767090e-01
8.674254417419433594e-01
8.615878224372863770e-01
8.632276058197021484e-01
8.599851131439208984e-01
8.655204176902770996e-01
8.719547390937805176e-01
8.797234892845153809e-01
8.781345486640930176e-01
8.734306097030639648e-01
8.702945709228515625e-01
8.680576086044311523e-01
8.574794530868530273e-01
8.499841094017028809e-01
8.485777378082275391e-01
8.518983721733093262e-01
8.511589765548706055e-01
8.477230668067932129e-01
8.464227318763732910e-01
8.491281270980834961e-01
8.541916012763977051e-01
8.580096960067749023e-01
8.588550090789794922e-01
8.567569851875305176e-01
8.611266613006591797e-01
8.627852797508239746e-01
8.606873154640197754e-01
8.612473011016845703e-01
8.517467379570007324e-01
8.529750704765319824e-01
8.529867529869079590e-01
8.488292098045349121e-01
8.496899604797363281e-01
8.585779070854187012e-01
8.589829206466674805e-01
8.624867200851440430e-01
8.589895367622375488e-01
8.527655005455017090e-01
8.548092842102050781e-01
8.512809872627258301e-01
8.535308241844177246e-01
8.471047282218933105e-01
8.399730920791625977e-01
8.422966003417968750e-01
8.478397130966186523e-01
8.507382869720458984e-01
8.519703149795532227e-01
8.631599545478820801e-01
8.630660772323608398e-01
8.627347350120544434e-01
8.650646209716796875e-01
8.694106936454772949e-01
8.717772960662841797e-01
8.720195293426513672e-01
8.783615231513977051e-01
8.764872550964355469e-01
8.771287798881530762e-01
8.695558905601501465e-01
8.703196048736572266e-01
8.754435777664184570e-01
8.741407990455627441e-01
8.713591098785400391e-01
8.725416064262390137e-01
8.786033391952514648e-01
8.735215663909912109e-01
8.737831711769104004e-01
8.766680955886840820e-01
8.799844980239868164e-01
8.849272727966308594e-01
8.778282403945922852e-01
8.721150159835815430e-01
8.770430684089660645e-01
8.788592815399169922e-01
8.798770308494567871e-01
8.786898255348205566e-01
8.808705806732177734e-01
8.828979730606079102e-01
8.911557793617248535e-01
8.860151767730712891e-01
8.863800764083862305e-01
8.820973038673400879e-01
8.800286054611206055e-01
8.786861300468444824e-01
8.695222735404968262e-01
8.707046508789062500e-01
8.714448809623718262e-01
8.769106864929199219e-01
8.767820000648498535e-01
8.761015534400939941e-01
8.860752582550048828e-01
8.848549127578735352e-01
8.878815174102783203e-01
8.951467275619506836e-01
8.923425078392028809e-01
8.881871700286865234e-01
8.881395459175109863e-01
8.815789818763732910e-01
8.840054273605346680e-01
8.878601193428039551e-01
8.839595913887023926e-01
8.816759586334228516e-01
8.780288100242614746e-01
8.758387565612792969e-01
8.783893585205078125e-01
8.792984485626220703e-01
8.832328915596008301e-01
8.838185071945190430e-01
8.867113590240478516e-01
8.916358351707458496e-01
8.954260349273681641e-01
9.001247882843017578e-01
9.056400060653686523e-01
9.163725972175598145e-01
9.150440692901611328e-01
9.180233478546142578e-01
9.211776256561279297e-01
9.223200082778930664e-01
9.225103855133056641e-01
9.108379483222961426e-01
9.132727980613708496e-01
9.169771671295166016e-01
9.049382805824279785e-01
9.069713354110717773e-01
9.036792516708374023e-01
8.973023891448974609e-01
8.997126817703247070e-01
8.916258811950683594e-01
8.892036676406860352e-01
8.975826501846313477e-01
9.014581441879272461e-01
9.086115360260009766e-01
9.117841124534606934e-01
9.090262055397033691e-01
9.203933477401733398e-01
9.207205176353454590e-01
9.151181578636169434e-01
9.096343517303466797e-01
9.251356720924377441e-01
9.260065555572509766e-01
9.216061234474182129e-01
9.233152866363525391e-01
9.222223162651062012e-01
9.153087735176086426e-01
9.250000119209289551e-01
9.262698888778686523e-01
9.254970550537109375e-01
9.258915185928344727e-01
9.176959991455078125e-01
9.156377315521240234e-01
9.069168567657470703e-01
9.091973900794982910e-01
9.052156805992126465e-01
9.159379601478576660e-01
9.164685010910034180e-01
9.121888875961303711e-01
9.097647666931152344e-01
9.051709771156311035e-01
9.213972687721252441e-01
9.142556190490722656e-01
9.140549302101135254e-01
9.198647141456604004e-01
9.255828261375427246e-01
9.180825948715209961e-01
9.169848561286926270e-01
9.208853840827941895e-01
9.185935854911804199e-01
9.173358082771301270e-01
9.223976731300354004e-01
9.308511614799499512e-01
9.333191514015197754e-01
9.350782036781311035e-01
9.336447715759277344e-01
9.309774637222290039e-01
9.395329952239990234e-01
9.400910139083862305e-01
9.364430904388427734e-01
9.389034509658813477e-01
9.363090991973876953e-01
9.330243468284606934e-01
9.354171752929687500e-01
9.376844763755798340e-01
9.341183304786682129e-01
9.395694136619567871e-01
9.366989731788635254e-01
9.364834427833557129e-01
9.325460791587829590e-01
9.381255507469177246e-01
9.242597222328186035e-01
9.236086010932922363e-01
9.218325614929199219e-01
9.157816171646118164e-01
9.252094030380249023e-01
9.250562191009521484e-01
9.215604662895202637e-01
9.231883883476257324e-01
9.235143065452575684e-01
9.390419125556945801e-01
9.381818175315856934e-01
9.393830895423889160e-01
9.459861516952514648e-01
9.418043494224548340e-01
9.381327033042907715e-01
9.302210211753845215e-01
9.249352216720581055e-01
9.252935051918029785e-01
9.233791232109069824e-01
9.360201358795166016e-01
9.222619533538818359e-01
9.256896972656250000e-01
9.309977889060974121e-01
9.357749819755554199e-01
9.338041543960571289e-01
9.378458261489868164e-01
9.434269666671752930e-01
9.403691887855529785e-01
9.411683082580566406e-01
9.430516958236694336e-01
9.422959685325622559e-01
9.411002397537231445e-01
9.420934319496154785e-01
9.414741992950439453e-01
9.496384263038635254e-01
9.493877887725830078e-01
9.523761868476867676e-01
9.572492837905883789e-01
9.581423997879028320e-01
9.684041738510131836e-01
9.721623063087463379e-01
9.764660000801086426e-01
9.745142459869384766e-01
9.704675078392028809e-01
9.703447818756103516e-01
9.685317277908325195e-01
9.573495984077453613e-01
9.583414196968078613e-01
9.610729813575744629e-01
9.554783105850219727e-01
9.618105888366699219e-01
9.593294262886047363e-01
9.588512182235717773e-01
9.601891040802001953e-01
9.567759037017822266e-01
9.558295607566833496e-01
9.446375370025634766e-01
9.427331686019897461e-01
9.429479837417602539e-01
9.355010986328125000e-01
9.388902187347412109e-01
9.372195601463317871e-01
9.415051341056823730e-01
9.451462626457214355e-01
9.565953612327575684e-01
9.652842879295349121e-01
9.633818268775939941e-01
9.714717864990234375e-01
9.755666851997375488e-01
9.642908573150634766e-01
9.646338820457458496e-01
9.566197991371154785e-01
9.507122635841369629e-01
9.503532648086547852e-01
9.479207396507263184e-01
9.419955611228942871e-01
9.369241595268249512e-01
9.386627078056335449e-01
9.367528557777404785e-01
9.340322613716125488e-01
9.340869784355163574e-01
9.340912699699401855e-01
9.320537447929382324e-01
9.297415018081665039e-01
9.301120638847351074e-01
9.315659999847412109e-01
9.256810545921325684e-01
9.243224859237670898e-01
9.231548309326171875e-01
9.195015430450439453e-01
9.160940647125244141e-01
9.131099581718444824e-01
9.096395373344421387e-01
9.069322347640991211e-01
9.086835384368896484e-01
9.106971621513366699e-01
9.340427517890930176e-01
9.299583435058593750e-01
9.370238780975341797e-01
9.348567724227905273e-01
9.373493790626525879e-01
9.406760334968566895e-01
9.453641772270202637e-01
9.493209123611450195e-01
9.527685046195983887e-01
9.571906328201293945e-01
9.645053744316101074e-01
9.651867151260375977e-01
9.665870666503906250e-01
9.703903198242187500e-01
9.708145856857299805e-01
9.747222065925598145e-01
9.710954427719116211e-01
9.736074805259704590e-01
9.663579463958740234e-01
9.565816521644592285e-01
9.673553705215454102e-01
9.641354084014892578e-01
9.594825506210327148e-01
9.596953392028808594e-01
9.608097076416015625e-01
9.689489006996154785e-01
9.687594771385192871e-01
9.718184471130371094e-01
9.670273065567016602e-01
9.750059247016906738e-01
9.780392646789550781e-01
9.774999022483825684e-01
9.772489666938781738e-01
9.725086688995361328e-01
9.772058725357055664e-01
9.759630560874938965e-01
9.786560535430908203e-01
9.872431159019470215e-01
9.823455214500427246e-01
9.726355075836181641e-01
9.736909270286560059e-01
9.706813097000122070e-01
9.731450080871582031e-01
9.663436412811279297e-01
9.666135311126708984e-01
9.666047096252441406e-01
9.673153162002563477e-01
9.713390469551086426e-01
9.766935110092163086e-01
9.727265238761901855e-01
9.562551975250244141e-01
9.585173130035400391e-01
9.536738395690917969e-01
9.652390480041503906e-01
9.632781147956848145e-01
9.581788778305053711e-01
9.548287391662597656e-01
9.583258628845214844e-01
9.544281959533691406e-01
9.501473307609558105e-01
9.481915235519409180e-01
9.465203881263732910e-01
9.466637372970581055e-01
9.441869854927062988e-01
9.480585455894470215e-01
9.499030113220214844e-01
9.510603547096252441e-01
9.452080726623535156e-01
9.505797624588012695e-01
9.498784542083740234e-01
9.456862807273864746e-01
9.391905069351196289e-01
9.400593042373657227e-01
9.359703660011291504e-01
9.267532825469970703e-01
9.263265132904052734e-01
9.310209751129150391e-01
9.214432239532470703e-01
9.268700480461120605e-01
9.270564317703247070e-01
9.241077303886413574e-01
9.292172193527221680e-01
9.226746559143066406e-01
9.200126528739929199e-01
9.148782491683959961e-01
9.168347716331481934e-01
9.120271801948547363e-01
9.013928771018981934e-01
9.035941362380981445e-01
9.091937541961669922e-01
9.004794359207153320e-01
9.061498045921325684e-01
9.089037179946899414e-01
9.156490564346313477e-01
9.181838035583496094e-01
9.223047494888305664e-01
9.209783673286437988e-01
9.121352434158325195e-01
9.100800156593322754e-01
9.109075665473937988e-01
9.069536328315734863e-01
9.069574475288391113e-01
9.097031950950622559e-01
9.038367271423339844e-01
8.994814157485961914e-01
9.032452106475830078e-01
9.050582647323608398e-01
8.919686079025268555e-01
8.932498097419738770e-01
8.965743184089660645e-01
8.974885344505310059e-01
8.978012800216674805e-01
8.917358517646789551e-01
8.874437808990478516e-01
8.753309845924377441e-01
8.702408671379089355e-01
8.727797865867614746e-01
8.758438229560852051e-01
8.758705258369445801e-01
8.798522949218750000e-01
8.762691617012023926e-01
8.797966837882995605e-01
8.818943500518798828e-01
8.857486844062805176e-01
8.914513587951660156e-01
8.895216584205627441e-01
8.828248381614685059e-01
8.831514120101928711e-01
8.812810778617858887e-01
8.774713873863220215e-01
8.755234479904174805e-01
8.716439008712768555e-01
8.769025206565856934e-01
8.777925968170166016e-01
8.742619156837463379e-01
8.717666864395141602e-01
8.748830556869506836e-01
8.768284320831298828e-01
8.763445019721984863e-01
8.733415007591247559e-01
8.803662061691284180e-01
8.731462955474853516e-01
8.666368126869201660e-01
8.667628765106201172e-01
8.629699945449829102e-01
8.617832660675048828e-01
8.678419589996337891e-01
8.773483037948608398e-01
8.708022236824035645e-01
8.675335645675659180e-01
8.726891875267028809e-01
8.746512532234191895e-01
8.763849735260009766e-01
8.756681680679321289e-01
8.776700496673583984e-01
8.747435212135314941e-01
8.760750293731689453e-01
8.841888308525085449e-01
8.845753669738769531e-01
8.828762173652648926e-01
8.878310918807983398e-01
8.949062824249267578e-01
8.980596661567687988e-01
9.001058936119079590e-01
9.080505967140197754e-01
9.106423258781433105e-01
9.082461595535278320e-01
9.084751009941101074e-01
8.988057971000671387e-01
8.973014950752258301e-01
9.025456309318542480e-01
9.087217450141906738e-01
9.080938100814819336e-01
9.089124798774719238e-01
9.112529158592224121e-01
9.064672589302062988e-01
9.105541110038757324e-01
9.119558930397033691e-01
9.074143767356872559e-01
9.054725170135498047e-01
9.064720869064331055e-01
9.126064181327819824e-01
9.097988009452819824e-01
9.064704775810241699e-01
9.079303741455078125e-01
9.104208946228027344e-01
9.093040227890014648e-01
9.081605672836303711e-01
9.051341414451599121e-01
9.081628918647766113e-01
9.093313813209533691e-01
9.150444865226745605e-01
9.182486534118652344e-01
9.193174839019775391e-01
9.150260686874389648e-01
9.200948476791381836e-01
9.186156988143920898e-01
9.194608330726623535e-01
9.261404275894165039e-01
9.613530039787292480e-01
9.629900455474853516e-01
9.584020972251892090e-01
9.555742144584655762e-01
9.603840708732604980e-01
9.594149589538574219e-01
9.628772139549255371e-01
9.554569721221923828e-01
9.493157267570495605e-01
9.457173943519592285e-01
9.430983662605285645e-01
9.412015676498413086e-01
9.358079433441162109e-01
9.403054714202880859e-01
9.384490251541137695e-01
9.396436810493469238e-01
9.389449357986450195e-01
9.360684156417846680e-01
9.309364557266235352e-01
9.257231950759887695e-01
9.319248795509338379e-01
9.298719167709350586e-01
9.212983846664428711e-01
9.193319678306579590e-01
9.204648733139038086e-01
9.207389950752258301e-01
9.248363375663757324e-01
9.210426211357116699e-01
9.150123596191406250e-01
9.154564738273620605e-01
9.187977313995361328e-01
9.169784784317016602e-01
9.031198024749755859e-01
9.090304374694824219e-01
9.106627702713012695e-01
9.116672277450561523e-01
9.124949574470520020e-01
9.146549105644226074e-01
9.169813394546508789e-01
9.262943863868713379e-01
9.289363622665405273e-01
9.274381399154663086e-01
9.277395606040954590e-01
9.223161935806274414e-01
9.172033071517944336e-01
9.207943677902221680e-01
9.118307232856750488e-01
9.083709716796875000e-01
9.046574234962463379e-01
9.014027118682861328e-01
8.722847104072570801e-01
8.647087216377258301e-01
8.657643795013427734e-01
8.611335754394531250e-01
8.565310835838317871e-01
8.545114398002624512e-01
8.559358716011047363e-01
8.611938357353210449e-01
8.692172765731811523e-01
8.676058053970336914e-01
8.660687804222106934e-01
8.645654916763305664e-01
8.663368821144104004e-01
8.626074790954589844e-01
8.701735138893127441e-01
8.669449687004089355e-01
8.639696240425109863e-01
8.730013966560363770e-01
8.774979114532470703e-01
8.915250301361083984e-01
8.898713588714599609e-01
8.843430280685424805e-01
8.857877254486083984e-01
8.792579174041748047e-01
8.834168910980224609e-01
8.832315802574157715e-01
8.766677975654602051e-01
8.745391964912414551e-01
8.761143684387207031e-01
8.810094594955444336e-01
8.765544891357421875e-01
8.813901543617248535e-01
8.901190757751464844e-01
8.903642892837524414e-01
8.961903452873229980e-01
8.997360467910766602e-01
8.897746801376342773e-01
8.845931887626647949e-01
8.811977505683898926e-01
8.799409270286560059e-01
8.721552491188049316e-01
8.719441294670104980e-01
8.756717443466186523e-01
8.769463300704956055e-01
8.790210485458374023e-01
8.734253048896789551e-01
8.726606965065002441e-01
8.716902136802673340e-01
8.683785200119018555e-01
8.709305524826049805e-01
8.675705790519714355e-01
8.677554130554199219e-01
8.729319572448730469e-01
8.758898377418518066e-01
8.792462944984436035e-01
8.772420287132263184e-01
8.765575289726257324e-01
8.780463337898254395e-01
8.760109543800354004e-01
8.798996210098266602e-01
9.056929945945739746e-01
9.081701040267944336e-01
9.188455939292907715e-01
9.161366820335388184e-01
9.171180725097656250e-01
9.214904904365539551e-01
9.259019494056701660e-01
9.166755676269531250e-01
9.193044900894165039e-01
9.109157323837280273e-01
9.041071534156799316e-01
9.066700935363769531e-01
9.046993255615234375e-01
9.049208760261535645e-01
9.012683033943176270e-01
8.973366022109985352e-01
9.009736776351928711e-01
8.992878198623657227e-01
9.030805230140686035e-01
9.054925441741943359e-01
9.081323146820068359e-01
9.085747003555297852e-01
9.029525518417358398e-01
9.047352671623229980e-01
9.041020274162292480e-01
9.001209139823913574e-01
9.204977154731750488e-01
9.307934641838073730e-01
9.305602908134460449e-01
9.251841902732849121e-01
9.298062324523925781e-01
9.329104423522949219e-01
9.257051944732666016e-01
9.245069622993469238e-01
9.184974431991577148e-01
9.308106899261474609e-01
9.321240186691284180e-01
9.357533454895019531e-01
9.329994916915893555e-01
9.287407398223876953e-01
9.268684983253479004e-01
9.283139705657958984e-01
9.235454797744750977e-01
9.290030002593994141e-01
9.244104027748107910e-01
9.253302216529846191e-01
9.199442863464355469e-01
9.121650457382202148e-01
9.047973155975341797e-01
9.025828838348388672e-01
8.726958632469177246e-01
8.624618053436279297e-01
8.435354828834533691e-01
8.458074331283569336e-01
8.378263711929321289e-01
8.311938643455505371e-01
8.233981132507324219e-01
8.215377926826477051e-01
8.153313398361206055e-01
8.120855093002319336e-01
8.102735280990600586e-01
8.091735243797302246e-01
8.076019287109375000e-01
8.179700970649719238e-01
8.109451532363891602e-01
8.103645443916320801e-01
8.088205456733703613e-01
8.070225715637207031e-01
8.039483428001403809e-01
7.920736670494079590e-01
7.892341017723083496e-01
7.852320075035095215e-01
7.882586121559143066e-01
7.808398604393005371e-01
7.799770236015319824e-01
7.717968225479125977e-01
7.587342262268066406e-01
7.512397170066833496e-01
7.427508831024169922e-01
7.351248264312744141e-01
7.361485958099365234e-01
7.246651649475097656e-01
7.217553853988647461e-01
7.201744914054870605e-01
7.255050539970397949e-01
7.155601978302001953e-01
7.136284112930297852e-01
7.101968526840209961e-01
7.095107436180114746e-01
7.047123908996582031e-01
7.011519670486450195e-01
7.035525441169738770e-01
7.055640220642089844e-01
6.916854977607727051e-01
6.890614032745361328e-01
6.894557476043701172e-01
6.913658380508422852e-01
6.955580115318298340e-01
7.009522914886474609e-01
6.972575187683105469e-01
7.023072838783264160e-01
7.046497464179992676e-01
7.059761285781860352e-01
6.974967718124389648e-01
6.916420459747314453e-01
6.927255988121032715e-01
6.916942000389099121e-01
6.885341405868530273e-01
6.888366937637329102e-01
6.864815354347229004e-01
6.887978315353393555e-01
6.849237680435180664e-01
6.843106746673583984e-01
6.741628050804138184e-01
6.748567819595336914e-01
6.731673479080200195e-01
6.710802316665649414e-01
6.719692349433898926e-01
6.708309054374694824e-01
6.745845079421997070e-01
6.695328354835510254e-01
6.737753152847290039e-01
6.748722791671752930e-01
6.740520000457763672e-01
6.706845760345458984e-01
6.748394966125488281e-01
6.710978746414184570e-01
6.668094396591186523e-01
6.762233972549438477e-01
6.842166185379028320e-01
6.823356151580810547e-01
6.896672844886779785e-01
6.901053786277770996e-01
6.933305263519287109e-01
6.894677877426147461e-01
6.878476142883300781e-01
6.863204836845397949e-01
6.815528869628906250e-01
6.804291605949401855e-01
6.879948377609252930e-01
6.879632472991943359e-01
6.881187558174133301e-01
6.834062933921813965e-01
6.902796030044555664e-01
6.868465542793273926e-01
6.856307983398437500e-01
6.800144314765930176e-01
6.745309233665466309e-01
6.704202294349670410e-01
6.697382926940917969e-01
6.677914261817932129e-01
6.642088890075683594e-01
6.620041728019714355e-01
6.685497164726257324e-01
6.712944507598876953e-01
6.668493747711181641e-01
6.660225391387939453e-01
6.718823909759521484e-01
6.718779206275939941e-01
6.789615154266357422e-01
6.792254447937011719e-01
6.787210702896118164e-01
6.804087162017822266e-01
6.829160451889038086e-01
6.892928481101989746e-01
6.890361905097961426e-01
6.854983568191528320e-01
6.879097819328308105e-01
6.850733160972595215e-01
6.856124997138977051e-01
6.873168945312500000e-01
6.788796782493591309e-01
6.704788804054260254e-01
6.726080179214477539e-01
6.745444536209106445e-01
6.739539504051208496e-01
6.720125079154968262e-01
6.763465404510498047e-01
6.715171337127685547e-01
6.626976728439331055e-01
6.613308787345886230e-01
6.628037095069885254e-01
6.642891764640808105e-01
6.597437858581542969e-01
6.562989950180053711e-01
6.547117829322814941e-01
6.534451246261596680e-01
6.549348235130310059e-01
6.566690802574157715e-01
6.535655260086059570e-01
6.533427238464355469e-01
6.499330401420593262e-01
6.501451134681701660e-01
6.558464169502258301e-01
6.578995585441589355e-01
6.578735113143920898e-01
6.607172489166259766e-01
6.657699346542358398e-01
6.692136526107788086e-01
6.641649007797241211e-01
6.651222109794616699e-01
6.659295558929443359e-01
6.707237958908081055e-01
6.713950634002685547e-01
6.720643639564514160e-01
6.753692626953125000e-01
6.757590770721435547e-01
6.717057824134826660e-01
6.696145534515380859e-01
6.712926626205444336e-01
6.698809862136840820e-01
6.696602702140808105e-01
6.659240126609802246e-01
6.659344434738159180e-01
6.652515530586242676e-01
6.632366180419921875e-01
6.729030609130859375e-01
6.702070832252502441e-01
6.700065732002258301e-01
6.693572998046875000e-01
6.714794039726257324e-01
6.746766567230224609e-01
6.752655506134033203e-01
6.730582714080810547e-01
6.733397841453552246e-01
6.733017563819885254e-01
6.726831197738647461e-01
6.766995191574096680e-01
6.778125166893005371e-01
6.812999248504638672e-01
6.730383038520812988e-01
6.669762134552001953e-01
6.650716662406921387e-01
6.627172827720642090e-01
6.659338474273681641e-01
6.698464155197143555e-01
6.744372844696044922e-01
6.823045611381530762e-01
6.847327351570129395e-01
6.853564977645874023e-01
6.844479441642761230e-01
6.864495277404785156e-01
6.885128617286682129e-01
6.816913485527038574e-01
6.840518116950988770e-01
6.822307109832763672e-01
6.781232953071594238e-01
6.779618859291076660e-01
6.764320135116577148e-01
6.807544231414794922e-01
6.804074048995971680e-01
6.920838356018066406e-01
6.878624558448791504e-01
6.822769045829772949e-01
6.804226040840148926e-01
6.732611060142517090e-01
6.746748089790344238e-01
6.745477914810180664e-01
6.817236542701721191e-01
6.789360642433166504e-01
6.772989630699157715e-01
6.830910444259643555e-01
6.817346215248107910e-01
6.819512844085693359e-01
6.773262619972229004e-01
6.833571791648864746e-01
6.811017394065856934e-01
6.847692728042602539e-01
6.826782822608947754e-01
6.772297620773315430e-01
6.714771389961242676e-01
6.688846349716186523e-01
6.684073805809020996e-01
6.694358587265014648e-01
6.689333319664001465e-01
6.660048961639404297e-01
6.661671400070190430e-01
6.612590551376342773e-01
6.621380448341369629e-01
6.612306833267211914e-01
6.655017137527465820e-01
6.728919744491577148e-01
6.776866316795349121e-01
6.773834228515625000e-01
6.815049648284912109e-01
6.769313812255859375e-01
6.779226660728454590e-01
6.677172780036926270e-01
6.683527231216430664e-01
6.660459041595458984e-01
6.682683825492858887e-01
6.661444902420043945e-01
6.612505912780761719e-01
6.567883491516113281e-01
6.584594845771789551e-01
6.605035662651062012e-01
6.613184213638305664e-01
6.660951375961303711e-01
6.698587536811828613e-01
6.740534305572509766e-01
6.759972572326660156e-01
6.635122895240783691e-01
6.646325588226318359e-01
6.664749979972839355e-01
6.703589558601379395e-01
6.784202456474304199e-01
6.810960173606872559e-01
6.838503479957580566e-01
6.866915822029113770e-01
6.842913031578063965e-01
6.847055554389953613e-01
6.819456219673156738e-01
6.885486841201782227e-01
6.868888139724731445e-01
6.866199374198913574e-01
6.841409206390380859e-01
6.846934556961059570e-01
6.831526160240173340e-01
6.883721947669982910e-01
6.940051317214965820e-01
7.021252512931823730e-01
7.063994407653808594e-01
7.064387798309326172e-01
7.046502828598022461e-01
7.038925290107727051e-01
7.112762928009033203e-01
7.157551646232604980e-01
7.183432579040527344e-01
7.117124795913696289e-01
7.142369747161865234e-01
7.197941541671752930e-01
7.185606956481933594e-01
7.145943641662597656e-01
7.205786705017089844e-01
7.149990200996398926e-01
7.190494537353515625e-01
7.166619300842285156e-01
7.175897955894470215e-01
7.141540646553039551e-01
7.242978811264038086e-01
7.248378992080688477e-01
7.271280884742736816e-01
7.311998605728149414e-01
7.334408760070800781e-01
7.302666306495666504e-01
7.308679819107055664e-01
7.278485298156738281e-01
7.303968071937561035e-01
7.287541031837463379e-01
7.292527556419372559e-01
7.283771634101867676e-01
7.339996099472045898e-01
7.354734539985656738e-01
7.392389774322509766e-01
7.397336363792419434e-01
7.373572587966918945e-01
7.364469766616821289e-01
7.428119182586669922e-01
7.333499193191528320e-01
7.357080578804016113e-01
7.348327636718750000e-01
7.397196292877197266e-01
7.374768853187561035e-01
7.411969900131225586e-01
7.402125000953674316e-01
7.409002780914306641e-01
7.417458295822143555e-01
7.375310659408569336e-01
7.398018836975097656e-01
7.395957112312316895e-01
7.373950481414794922e-01
7.327248454093933105e-01
7.336401343345642090e-01
7.363599538803100586e-01
7.444413900375366211e-01
7.359594702720642090e-01
7.334568500518798828e-01
7.265238761901855469e-01
7.325277924537658691e-01
7.287782430648803711e-01
7.243492007255554199e-01
7.233827114105224609e-01
7.323848009109497070e-01
7.312890887260437012e-01
7.303616404533386230e-01
7.325425148010253906e-01
7.320193648338317871e-01
7.389234900474548340e-01
7.396734356880187988e-01
7.320836782455444336e-01
7.325493097305297852e-01
7.329769134521484375e-01
7.357810139656066895e-01
7.400655150413513184e-01
7.404605746269226074e-01
7.446296811103820801e-01
7.526891231536865234e-01
7.393035888671875000e-01
7.408493757247924805e-01
7.372200489044189453e-01
7.341917157173156738e-01
7.305240631103515625e-01
7.396944165229797363e-01
7.393507957458496094e-01
7.373697161674499512e-01
7.379021644592285156e-01
7.389540672302246094e-01
7.315317392349243164e-01
7.330883145332336426e-01
7.345103621482849121e-01
7.381122112274169922e-01
7.322155237197875977e-01
7.320566773414611816e-01
7.301150560379028320e-01
7.289815545082092285e-01
7.258995175361633301e-01
7.195678949356079102e-01
7.215218544006347656e-01
7.190661430358886719e-01
7.241634130477905273e-01
7.250686883926391602e-01
7.288298606872558594e-01
7.284944653511047363e-01
7.293082475662231445e-01
7.206625938415527344e-01
7.291585803031921387e-01
7.308300733566284180e-01
7.303175926208496094e-01
7.274717688560485840e-01
7.308788299560546875e-01
7.317409515380859375e-01
7.335223555564880371e-01
7.286588549613952637e-01
7.296929359436035156e-01
7.301291823387145996e-01
7.294526100158691406e-01
7.318325042724609375e-01
7.296287417411804199e-01
7.265761494636535645e-01
7.308103442192077637e-01
7.294872403144836426e-01
7.259082794189453125e-01
7.179113030433654785e-01
7.147738933563232422e-01
7.284371256828308105e-01
7.262660264968872070e-01
7.223834991455078125e-01
7.226821184158325195e-01
7.177898883819580078e-01
7.225924134254455566e-01
7.182314991950988770e-01
7.214336991310119629e-01
7.141685485839843750e-01
7.188867330551147461e-01
7.172984480857849121e-01
7.211293578147888184e-01
7.173082232475280762e-01
7.156164050102233887e-01
7.102333903312683105e-01
7.090549468994140625e-01
7.128059864044189453e-01
7.263041734695434570e-01
7.302675843238830566e-01
7.282366156578063965e-01
7.254151105880737305e-01
7.266206145286560059e-01
7.344938516616821289e-01
7.331253290176391602e-01
7.327091097831726074e-01
7.298924922943115234e-01
7.304916977882385254e-01
7.282597422599792480e-01
7.307128906250000000e-01
7.314057946205139160e-01
7.392720580101013184e-01
7.321475148200988770e-01
7.275984287261962891e-01
7.357264161109924316e-01
7.392455339431762695e-01
7.339938282966613770e-01
7.355673909187316895e-01
7.342490553855895996e-01
7.593089938163757324e-01
7.569688558578491211e-01
7.651918530464172363e-01
7.640192508697509766e-01
7.639546990394592285e-01
7.603444457054138184e-01
7.660964727401733398e-01
7.631342411041259766e-01
7.642067074775695801e-01
7.680309414863586426e-01
7.720130085945129395e-01
7.760456800460815430e-01
7.642868757247924805e-01
7.641979455947875977e-01
7.597039937973022461e-01
7.639367580413818359e-01
7.703761458396911621e-01
7.672446966171264648e-01
7.756361961364746094e-01
7.732847332954406738e-01
7.668493390083312988e-01
7.555636763572692871e-01
7.603905200958251953e-01
7.580877542495727539e-01
7.549700140953063965e-01
7.590209841728210449e-01
7.598276734352111816e-01
7.592041492462158203e-01
7.612805366516113281e-01
7.497310042381286621e-01
7.491953969001770020e-01
7.562978863716125488e-01
7.551847696304321289e-01
7.627725005149841309e-01
7.691543102264404297e-01
7.746908068656921387e-01
7.730655074119567871e-01
7.671765089035034180e-01
7.647328972816467285e-01
7.722608447074890137e-01
7.727749347686767578e-01
7.721814513206481934e-01
7.735009789466857910e-01
7.801586985588073730e-01
7.862342596054077148e-01
7.835805416107177734e-01
7.882140874862670898e-01
7.980076074600219727e-01
8.029812574386596680e-01
8.030848503112792969e-01
7.804148793220520020e-01
7.776966691017150879e-01
7.734451889991760254e-01
7.773919105529785156e-01
7.745570540428161621e-01
7.758165597915649414e-01
7.747916579246520996e-01
7.738822698593139648e-01
7.730386853218078613e-01
7.724801898002624512e-01
7.764190435409545898e-01
7.699938416481018066e-01
7.686778306961059570e-01
7.624720931053161621e-01
7.725145816802978516e-01
7.692037224769592285e-01
7.650975584983825684e-01
7.584316730499267578e-01
7.595760822296142578e-01
7.637047767639160156e-01
7.638378739356994629e-01
7.724101543426513672e-01
7.687272429466247559e-01
7.683160901069641113e-01
7.722476720809936523e-01
7.815017700195312500e-01
7.925357818603515625e-01
7.940186262130737305e-01
7.832108139991760254e-01
7.906662225723266602e-01
7.846292257308959961e-01
7.824457287788391113e-01
7.892889976501464844e-01
7.804824709892272949e-01
7.705336213111877441e-01
7.645517587661743164e-01
7.670029401779174805e-01
7.706012129783630371e-01
7.713181376457214355e-01
7.720270752906799316e-01
7.718154191970825195e-01
7.620732188224792480e-01
7.541666626930236816e-01
7.498904466629028320e-01
7.477555274963378906e-01
7.469722628593444824e-01
7.417419552803039551e-01
7.355883121490478516e-01
7.331422567367553711e-01
7.328895330429077148e-01
7.284582257270812988e-01
7.252853512763977051e-01
7.237503528594970703e-01
7.165148258209228516e-01
7.199478745460510254e-01
7.188650369644165039e-01
7.166549563407897949e-01
7.138565778732299805e-01
7.152934074401855469e-01
7.151435017585754395e-01
7.114375233650207520e-01
7.164665460586547852e-01
7.177593708038330078e-01
7.234967947006225586e-01
7.203482985496520996e-01
7.225339412689208984e-01
7.268079519271850586e-01
7.328083515167236328e-01
7.308442592620849609e-01
7.359671592712402344e-01
7.462727427482604980e-01
7.414717078208923340e-01
7.424741387367248535e-01
7.449627518653869629e-01
7.510823011398315430e-01
7.421880364418029785e-01
7.410227060317993164e-01
7.438622117042541504e-01
7.491757869720458984e-01
7.447991371154785156e-01
7.466528415679931641e-01
7.445820569992065430e-01
7.435052990913391113e-01
7.465453147888183594e-01
7.531282305717468262e-01
7.532192468643188477e-01
7.512916326522827148e-01
7.455272078514099121e-01
7.512446045875549316e-01
7.433969378471374512e-01
7.418122291564941406e-01
7.510195970535278320e-01
7.461025714874267578e-01
7.517499327659606934e-01
7.474612593650817871e-01
7.408933043479919434e-01
7.378345727920532227e-01
7.398130297660827637e-01
7.399771809577941895e-01
7.389370203018188477e-01
7.393701076507568359e-01
7.485418915748596191e-01
7.484094500541687012e-01
7.514653801918029785e-01
7.463369965553283691e-01
7.452625036239624023e-01
7.456973195075988770e-01
7.478019595146179199e-01
7.455850839614868164e-01
7.483136653900146484e-01
7.482210397720336914e-01
7.488566637039184570e-01
7.477163672447204590e-01
7.473923563957214355e-01
7.450800538063049316e-01
7.423584461212158203e-01
7.419664859771728516e-01
7.460449337959289551e-01
7.480561137199401855e-01
7.437974810600280762e-01
7.384948730468750000e-01
7.389747500419616699e-01
7.417814135551452637e-01
7.381185889244079590e-01
7.308396100997924805e-01
7.314753532409667969e-01
8.208051919937133789e-01
8.092970252037048340e-01
8.111718893051147461e-01
8.058028221130371094e-01
8.052576184272766113e-01
8.134610652923583984e-01
8.137000203132629395e-01
8.117148876190185547e-01
8.010903000831604004e-01
8.066874742507934570e-01
8.117368221282958984e-01
8.152112364768981934e-01
8.145909905433654785e-01
8.129419684410095215e-01
8.116887807846069336e-01
8.097378611564636230e-01
8.183887004852294922e-01
8.109750151634216309e-01
8.120906949043273926e-01
8.124316930770874023e-01
8.143011331558227539e-01
8.179372549057006836e-01
8.180813789367675781e-01
8.230226039886474609e-01
8.239735960960388184e-01
8.201416134834289551e-01
8.224187493324279785e-01
8.273090124130249023e-01
8.318029642105102539e-01
8.366909623146057129e-01
8.396466970443725586e-01
8.409135341644287109e-01
8.493146300315856934e-01
8.395950794219970703e-01
8.427867889404296875e-01
8.469765186309814453e-01
8.454393148422241211e-01
8.408153653144836426e-01
8.400200605392456055e-01
8.446422815322875977e-01
8.404541611671447754e-01
8.356447815895080566e-01
8.313412666320800781e-01
8.256031870841979980e-01
8.244211077690124512e-01
8.325223326683044434e-01
8.359507918357849121e-01
8.366979956626892090e-01
8.435388207435607910e-01
8.430434465408325195e-01
7.517951726913452148e-01
7.581206560134887695e-01
7.553611993789672852e-01
7.587983608245849609e-01
7.589525580406188965e-01
7.494782805442810059e-01
7.555468082427978516e-01
7.578561305999755859e-01
7.650205492973327637e-01
7.648257613182067871e-01
7.605844736099243164e-01
7.665696144104003906e-01
7.644451260566711426e-01
7.658541202545166016e-01
7.712145447731018066e-01
7.721624970436096191e-01
7.674503922462463379e-01
7.697145938873291016e-01
7.783860564231872559e-01
7.853840589523315430e-01
7.831268906593322754e-01
7.801700830459594727e-01
7.865723967552185059e-01
7.803881168365478516e-01
7.783360481262207031e-01
7.823423147201538086e-01
7.820267677307128906e-01
7.767656445503234863e-01
7.700650095939636230e-01
7.658950090408325195e-01
7.643067240715026855e-01
7.632852792739868164e-01
7.608571052551269531e-01
7.660362124443054199e-01
7.629214525222778320e-01
7.560064792633056641e-01
7.542912364006042480e-01
7.522743940353393555e-01
7.499016523361206055e-01
7.453545928001403809e-01
7.487304210662841797e-01
7.439127564430236816e-01
7.431209683418273926e-01
7.510885596275329590e-01
7.532549500465393066e-01
7.475388050079345703e-01
7.406800985336303711e-01
7.422190308570861816e-01
7.376708388328552246e-01
7.407245039939880371e-01
7.392224073410034180e-01
7.445665597915649414e-01
7.447839975357055664e-01
7.442773580551147461e-01
7.431417107582092285e-01
7.494783997535705566e-01
7.416737079620361328e-01
7.421920895576477051e-01
7.361292243003845215e-01
7.358779907226562500e-01
7.412164211273193359e-01
7.348356842994689941e-01
7.314788103103637695e-01
7.397926449775695801e-01
7.358205318450927734e-01
7.347711920738220215e-01
7.356346845626831055e-01
7.325692176818847656e-01
7.263852953910827637e-01
7.214847803115844727e-01
7.312711477279663086e-01
7.293873429298400879e-01
7.227963209152221680e-01
7.275913953781127930e-01
7.265897393226623535e-01
7.239565253257751465e-01
7.273790240287780762e-01
7.294650077819824219e-01
7.339796423912048340e-01
7.357422709465026855e-01
7.373347282409667969e-01
7.336957454681396484e-01
7.313392758369445801e-01
7.341341972351074219e-01
7.326724529266357422e-01
7.376491427421569824e-01
7.413044571876525879e-01
7.493639588356018066e-01
7.573699355125427246e-01
7.631261348724365234e-01
7.645950317382812500e-01
7.734574675559997559e-01
7.701889872550964355e-01
7.692074775695800781e-01
7.710065245628356934e-01
7.660682797431945801e-01
7.671409845352172852e-01
7.651160359382629395e-01
7.603888511657714844e-01
7.577176094055175781e-01
7.542970180511474609e-01
7.475078105926513672e-01
7.476840019226074219e-01
7.451756000518798828e-01
7.667438983917236328e-01
7.621006965637207031e-01
7.645823955535888672e-01
7.625719308853149414e-01
7.639877796173095703e-01
7.649118304252624512e-01
7.576767206192016602e-01
7.570173740386962891e-01
7.579348087310791016e-01
7.496512532234191895e-01
7.504586577415466309e-01
7.514269948005676270e-01
7.475926876068115234e-01
7.501005530357360840e-01
7.474004626274108887e-01
7.489948272705078125e-01
7.360379695892333984e-01
7.382436394691467285e-01
7.308267354965209961e-01
7.230552434921264648e-01
7.190617322921752930e-01
7.152574062347412109e-01
7.083507776260375977e-01
7.049305438995361328e-01
7.001712918281555176e-01
7.028182744979858398e-01
6.946114301681518555e-01
6.960898041725158691e-01
6.910345554351806641e-01
6.907042860984802246e-01
6.931952834129333496e-01
6.867141723632812500e-01
6.879684925079345703e-01
6.804361939430236816e-01
6.776843070983886719e-01
6.709235310554504395e-01
6.631409525871276855e-01
6.560351848602294922e-01
6.616197824478149414e-01
6.568710803985595703e-01
6.497614383697509766e-01
6.489520072937011719e-01
6.489371657371520996e-01
6.633302569389343262e-01
6.610993742942810059e-01
6.541725993156433105e-01
6.540470123291015625e-01
6.532609462738037109e-01
6.514565944671630859e-01
6.477325558662414551e-01
6.236581206321716309e-01
6.172756552696228027e-01
6.104360818862915039e-01
6.091202497482299805e-01
6.062854528427124023e-01
6.003050804138183594e-01
6.016067266464233398e-01
5.985790491104125977e-01
5.952335596084594727e-01
5.912708640098571777e-01
5.891491174697875977e-01
5.831458568572998047e-01
5.844523310661315918e-01
5.826167464256286621e-01
5.881500840187072754e-01
5.896784663200378418e-01
5.972807407379150391e-01
5.961431860923767090e-01
6.007487773895263672e-01
6.016572117805480957e-01
6.071938872337341309e-01
6.095246672630310059e-01
6.077284812927246094e-01
6.074263453483581543e-01
6.093162298202514648e-01
6.055498719215393066e-01
6.080421209335327148e-01
6.036962270736694336e-01
6.025280356407165527e-01
6.076005101203918457e-01
6.030285358428955078e-01
6.010879278182983398e-01
5.979797840118408203e-01
5.961021184921264648e-01
5.936604738235473633e-01
5.956767201423645020e-01
5.997734665870666504e-01
6.002144813537597656e-01
6.004366874694824219e-01
5.992125868797302246e-01
6.004719138145446777e-01
6.070236563682556152e-01
6.026746034622192383e-01
5.862408876419067383e-01
5.930956602096557617e-01
5.937114953994750977e-01
5.940186381340026855e-01
5.955452322959899902e-01
5.947402119636535645e-01
5.957863926887512207e-01
5.943244099617004395e-01
5.924439430236816406e-01
5.922978520393371582e-01
5.898583531379699707e-01
5.930310487747192383e-01
5.937933325767517090e-01
5.948668122291564941e-01
6.012117862701416016e-01
6.048988103866577148e-01
6.054734587669372559e-01
6.048967242240905762e-01
6.054087281227111816e-01
6.026523709297180176e-01
6.002604961395263672e-01
5.985968112945556641e-01
5.955953001976013184e-01
5.906514525413513184e-01
5.896890163421630859e-01
5.879589319229125977e-01
5.896806120872497559e-01
5.868397951126098633e-01
5.828670859336853027e-01
5.828208923339843750e-01
5.789880156517028809e-01
5.822863578796386719e-01
5.808680653572082520e-01
5.838840007781982422e-01
5.891475677490234375e-01
5.923496484756469727e-01
5.795310735702514648e-01
5.831033587455749512e-01
5.824596285820007324e-01
5.791341662406921387e-01
5.824467539787292480e-01
5.853210091590881348e-01
5.839776396751403809e-01
5.756550431251525879e-01
5.769632458686828613e-01
5.730060338973999023e-01
5.701376199722290039e-01
5.676129460334777832e-01
5.672253966331481934e-01
5.642685890197753906e-01
5.637035965919494629e-01
5.590897798538208008e-01
5.598215460777282715e-01
5.607177615165710449e-01
5.582025051116943359e-01
5.554749965667724609e-01
5.596135854721069336e-01
5.627104043960571289e-01
5.671724081039428711e-01
5.716421008110046387e-01
5.738350749015808105e-01
5.697305202484130859e-01
5.690067410469055176e-01
5.676496028900146484e-01
5.628694295883178711e-01
5.573849678039550781e-01
5.616871118545532227e-01
5.615981817245483398e-01
5.564801096916198730e-01
5.578221678733825684e-01
5.614676475524902344e-01
5.546391010284423828e-01
5.574045181274414062e-01
5.589814782142639160e-01
5.613541603088378906e-01
5.604004263877868652e-01
5.553106069564819336e-01
5.577208995819091797e-01
5.613014698028564453e-01
5.649593472480773926e-01
5.648003220558166504e-01
5.583801865577697754e-01
5.595927238464355469e-01
5.582174062728881836e-01
5.588676333427429199e-01
5.597755908966064453e-01
5.612620711326599121e-01
5.625146031379699707e-01
5.604755878448486328e-01
5.645222663879394531e-01
5.616729855537414551e-01
5.567838549613952637e-01
5.565037727355957031e-01
5.581573247909545898e-01
5.619110465049743652e-01
5.662356019020080566e-01
5.671816468238830566e-01
5.680947899818420410e-01
5.639262795448303223e-01
5.652886629104614258e-01
5.660268664360046387e-01
5.663853287696838379e-01
5.723950862884521484e-01
5.741186738014221191e-01
5.767984390258789062e-01
5.758321881294250488e-01
5.793976187705993652e-01
5.930763483047485352e-01
5.923582911491394043e-01
5.898497104644775391e-01
5.956763625144958496e-01
6.000646948814392090e-01
6.002574563026428223e-01
5.991913080215454102e-01
6.021084785461425781e-01
6.043236851692199707e-01
6.021764278411865234e-01
5.997477769851684570e-01
6.086148619651794434e-01
6.082504987716674805e-01
6.056665182113647461e-01
6.076239943504333496e-01
6.076605319976806641e-01
6.080227494239807129e-01
5.993667244911193848e-01
6.041135191917419434e-01
6.093160510063171387e-01
6.095360517501831055e-01
6.089780330657958984e-01
6.022146344184875488e-01
6.035016179084777832e-01
6.115859746932983398e-01
6.088367104530334473e-01
6.071429252624511719e-01
6.031609773635864258e-01
5.998954772949218750e-01
6.001861691474914551e-01
5.930867195129394531e-01
5.980226397514343262e-01
5.992252826690673828e-01
6.038963794708251953e-01
6.043146848678588867e-01
6.059119105339050293e-01
6.127104163169860840e-01
6.111062169075012207e-01
6.038290858268737793e-01
6.005833148956298828e-01
5.975475311279296875e-01
6.004869341850280762e-01
6.066164970397949219e-01
6.082629561424255371e-01
6.148273944854736328e-01
6.099594235420227051e-01
6.061298847198486328e-01
6.020334959030151367e-01
6.027372479438781738e-01
5.964682698249816895e-01
6.519574522972106934e-01
6.536447405815124512e-01
6.517739295959472656e-01
6.504418253898620605e-01
6.448554992675781250e-01
6.476163268089294434e-01
6.482649445533752441e-01
6.491075158119201660e-01
6.513335704803466797e-01
6.493946909904479980e-01
6.496772170066833496e-01
6.466009020805358887e-01
6.533908843994140625e-01
6.586222648620605469e-01
6.584265828132629395e-01
6.545417904853820801e-01
6.518255472183227539e-01
6.742786169052124023e-01
6.731655001640319824e-01
6.800426244735717773e-01
6.753243803977966309e-01
6.772474646568298340e-01
6.856395006179809570e-01
6.891247630119323730e-01
6.832177639007568359e-01
6.816893815994262695e-01
6.814061999320983887e-01
6.799693107604980469e-01
6.933218240737915039e-01
6.966173648834228516e-01
6.984374523162841797e-01
6.981190443038940430e-01
6.985781788825988770e-01
6.990404725074768066e-01
7.029926180839538574e-01
7.049648165702819824e-01
7.030383944511413574e-01
6.994636058807373047e-01
7.095119357109069824e-01
7.140682935714721680e-01
7.167015671730041504e-01
7.131487131118774414e-01
7.080674171447753906e-01
7.006432414054870605e-01
6.920328736305236816e-01
6.945354938507080078e-01
6.931766271591186523e-01
6.961138844490051270e-01
6.968375444412231445e-01
7.024367451667785645e-01
6.387856006622314453e-01
6.405125260353088379e-01
6.431611776351928711e-01
6.385210156440734863e-01
6.406704783439636230e-01
6.355798840522766113e-01
6.344254612922668457e-01
6.335290670394897461e-01
6.329736709594726562e-01
6.315187811851501465e-01
6.357193589210510254e-01
6.406399011611938477e-01
6.332084536552429199e-01
6.307736039161682129e-01
6.334289908409118652e-01
6.306918859481811523e-01
6.347492337226867676e-01
6.269582509994506836e-01
6.253523826599121094e-01
6.182392835617065430e-01
6.195598840713500977e-01
6.198930144309997559e-01
6.172448992729187012e-01
6.166642308235168457e-01
6.179097890853881836e-01
6.217008233070373535e-01
6.197487115859985352e-01
6.231309175491333008e-01
6.089249253273010254e-01
6.093288660049438477e-01
6.139126420021057129e-01
6.156855225563049316e-01
6.172388195991516113e-01
6.174551248550415039e-01
6.163663268089294434e-01
6.119643449783325195e-01
6.113618612289428711e-01
6.089743971824645996e-01
6.066940426826477051e-01
6.056643724441528320e-01
6.063792705535888672e-01
6.082378029823303223e-01
6.107258796691894531e-01
6.159686446189880371e-01
6.189510822296142578e-01
6.141279935836791992e-01
6.145986914634704590e-01
6.134723424911499023e-01
6.134530901908874512e-01
6.320911049842834473e-01
6.284185051918029785e-01
6.221924424171447754e-01
6.231300830841064453e-01
6.230011582374572754e-01
6.252266764640808105e-01
6.270789504051208496e-01
6.278259158134460449e-01
6.307800412178039551e-01
6.333344578742980957e-01
6.319109797477722168e-01
6.296771764755249023e-01
6.286116242408752441e-01
6.302802562713623047e-01
6.281402707099914551e-01
6.239639520645141602e-01
6.261842846870422363e-01
6.321262717247009277e-01
6.223406195640563965e-01
6.175333261489868164e-01
6.213914752006530762e-01
6.249455809593200684e-01
6.200953722000122070e-01
6.245302557945251465e-01
6.238114237785339355e-01
6.192814111709594727e-01
6.197545528411865234e-01
6.253018975257873535e-01
6.216604113578796387e-01
6.264299750328063965e-01
6.257232427597045898e-01
6.222551465034484863e-01
6.198093295097351074e-01
6.180893182754516602e-01
6.157811880111694336e-01
6.145399212837219238e-01
6.196899414062500000e-01
6.223022341728210449e-01
6.261195540428161621e-01
6.249591112136840820e-01
6.323463320732116699e-01
6.380731463432312012e-01
6.437010765075683594e-01
6.433213949203491211e-01
6.438472270965576172e-01
6.436973810195922852e-01
6.539148688316345215e-01
6.578511595726013184e-01
6.574380397796630859e-01
6.567519307136535645e-01
6.288777589797973633e-01
6.319732666015625000e-01
6.341875195503234863e-01
6.322041153907775879e-01
6.301096081733703613e-01
6.342996358871459961e-01
6.382188200950622559e-01
6.386438012123107910e-01
6.348216533660888672e-01
6.322683095932006836e-01
6.368145346641540527e-01
6.337354779243469238e-01
6.363120079040527344e-01
6.390280723571777344e-01
6.382074952125549316e-01
6.420806050300598145e-01
6.416795253753662109e-01
6.405451893806457520e-01
6.377562880516052246e-01
6.408442854881286621e-01
6.350194811820983887e-01
6.312718391418457031e-01
6.354986429214477539e-01
6.279173493385314941e-01
6.318843960762023926e-01
6.306740045547485352e-01
6.298897266387939453e-01
6.268068552017211914e-01
6.295288205146789551e-01
6.289768815040588379e-01
6.323845386505126953e-01
6.344987154006958008e-01
6.349945664405822754e-01
6.350114941596984863e-01
6.353420019149780273e-01
6.334741115570068359e-01
6.328388452529907227e-01
6.311951279640197754e-01
6.332631111145019531e-01
6.296789050102233887e-01
6.241479516029357910e-01
6.207753419876098633e-01
6.101024746894836426e-01
6.106542348861694336e-01
6.114833354949951172e-01
6.119129657745361328e-01
6.002659797668457031e-01
5.998522639274597168e-01
6.031150817871093750e-01
6.051238179206848145e-01
6.067402958869934082e-01
6.011452674865722656e-01
6.051399111747741699e-01
6.046468615531921387e-01
6.100773811340332031e-01
6.111002564430236816e-01
6.114547252655029297e-01
6.093828678131103516e-01
6.093084812164306641e-01
6.089057922363281250e-01
6.059730052947998047e-01
6.168196201324462891e-01
6.089434623718261719e-01
6.070439815521240234e-01
6.033839583396911621e-01
6.089881658554077148e-01
6.081377863883972168e-01
5.995628237724304199e-01
6.156829595565795898e-01
6.222131848335266113e-01
6.241071224212646484e-01
6.261528134346008301e-01
6.227490305900573730e-01
6.260139942169189453e-01
6.234478354454040527e-01
6.293450593948364258e-01
6.319787502288818359e-01
6.289992332458496094e-01
6.305934786796569824e-01
6.300574541091918945e-01
6.270067691802978516e-01
6.259275674819946289e-01
6.300210952758789062e-01
6.259157657623291016e-01
6.281259655952453613e-01
6.395814418792724609e-01
6.338326930999755859e-01
6.334673762321472168e-01
6.244468092918395996e-01
6.278273463249206543e-01
6.248094439506530762e-01
6.232316493988037109e-01
6.290722489356994629e-01
6.264618635177612305e-01
6.283418536186218262e-01
6.359848976135253906e-01
6.383645534515380859e-01
6.341915726661682129e-01
6.397425532341003418e-01
6.424682736396789551e-01
6.521704792976379395e-01
6.566683053970336914e-01
6.544275879859924316e-01
6.570083498954772949e-01
6.881678104400634766e-01
6.809694766998291016e-01
6.805254220962524414e-01
6.792194843292236328e-01
6.802871823310852051e-01
6.831014156341552734e-01
6.871891021728515625e-01
6.772015094757080078e-01
6.858577728271484375e-01
6.813389062881469727e-01
6.876874566078186035e-01
6.821410655975341797e-01
6.880211830139160156e-01
6.890401244163513184e-01
6.789392232894897461e-01
6.712017655372619629e-01
6.740351915359497070e-01
6.769333481788635254e-01
6.803217530250549316e-01
6.785190701484680176e-01
6.763527393341064453e-01
6.753486394882202148e-01
6.725295186042785645e-01
6.797623634338378906e-01
6.756918430328369141e-01
6.717275381088256836e-01
6.681322455406188965e-01
6.671739816665649414e-01
6.645194292068481445e-01
6.680470108985900879e-01
6.679273843765258789e-01
6.567839980125427246e-01
6.584002971649169922e-01
6.579409241676330566e-01
6.642733216285705566e-01
6.662722826004028320e-01
6.644682288169860840e-01
6.664419770240783691e-01
6.644437313079833984e-01
6.652697920799255371e-01
6.649478673934936523e-01
6.560483574867248535e-01
6.535369157791137695e-01
6.537821888923645020e-01
6.426965594291687012e-01
6.397841572761535645e-01
6.352559924125671387e-01
6.333628892898559570e-01
6.316530704498291016e-01
6.303526163101196289e-01
5.990691184997558594e-01
5.994519591331481934e-01
5.991339683532714844e-01
6.027787923812866211e-01
6.033519506454467773e-01
5.988715887069702148e-01
5.957168340682983398e-01
5.993418693542480469e-01
5.976620316505432129e-01
6.008288264274597168e-01
5.980803966522216797e-01
5.985376834869384766e-01
5.942986607551574707e-01
6.008045673370361328e-01
5.980076789855957031e-01
6.054881215095520020e-01
6.025167703628540039e-01
5.994327068328857422e-01
5.965535044670104980e-01
5.969112515449523926e-01
6.035115718841552734e-01
6.128548979759216309e-01
6.155764460563659668e-01
6.085265874862670898e-01
6.131694912910461426e-01
6.142127513885498047e-01
6.191890239715576172e-01
6.248130202293395996e-01
6.240780949592590332e-01
6.281301379203796387e-01
6.232054233551025391e-01
6.253736615180969238e-01
6.286720037460327148e-01
6.292436718940734863e-01
6.338980197906494141e-01
6.283617615699768066e-01
6.303800940513610840e-01
6.362324357032775879e-01
6.391560435295104980e-01
6.370009779930114746e-01
6.356735825538635254e-01
6.389402151107788086e-01
6.462827324867248535e-01
6.544067263603210449e-01
6.589429974555969238e-01
6.551985144615173340e-01
6.548244357109069824e-01
6.571291089057922363e-01
6.610963344573974609e-01
6.635128855705261230e-01
6.624695062637329102e-01
6.635116338729858398e-01
6.605015397071838379e-01
6.627363562583923340e-01
6.649273037910461426e-01
6.673918366432189941e-01
6.707177162170410156e-01
6.688230633735656738e-01
6.680633425712585449e-01
6.711066961288452148e-01
6.742651462554931641e-01
6.735363006591796875e-01
6.749790906906127930e-01
6.748276352882385254e-01
6.779394745826721191e-01
6.804166436195373535e-01
6.771752834320068359e-01
6.807416677474975586e-01
6.815651059150695801e-01
6.826159954071044922e-01
6.751524209976196289e-01
6.685767173767089844e-01
6.685279011726379395e-01
6.709576249122619629e-01
6.627166867256164551e-01
6.656044721603393555e-01
6.635688543319702148e-01
6.598320007324218750e-01
6.571487188339233398e-01
6.558860540390014648e-01
6.594052314758300781e-01
6.706721782684326172e-01
6.677348613739013672e-01
6.680760979652404785e-01
6.646482944488525391e-01
6.647017002105712891e-01
6.674043536186218262e-01
6.593554019927978516e-01
6.603971123695373535e-01
6.680491566658020020e-01
6.736423373222351074e-01
6.746395826339721680e-01
6.745352149009704590e-01
6.686794161796569824e-01
6.680835485458374023e-01
6.727973818778991699e-01
6.686398983001708984e-01
6.638094186782836914e-01
6.593683362007141113e-01
6.596649885177612305e-01
6.572682261466979980e-01
6.559491753578186035e-01
6.551848053932189941e-01
6.530922651290893555e-01
6.475728750228881836e-01
6.473006606101989746e-01
6.466369032859802246e-01
6.483235955238342285e-01
6.460882425308227539e-01
6.474399566650390625e-01
6.473966240882873535e-01
6.488870382308959961e-01
6.486989855766296387e-01
6.474677324295043945e-01
6.628376245498657227e-01
6.560192108154296875e-01
6.592478156089782715e-01
6.580012440681457520e-01
6.578217148780822754e-01
6.559705138206481934e-01
6.569136977195739746e-01
6.547076702117919922e-01
6.588706970214843750e-01
6.657983660697937012e-01
6.730938553810119629e-01
6.723445057868957520e-01
6.772564649581909180e-01
6.727576255798339844e-01
6.793369054794311523e-01
6.761930584907531738e-01
6.770117878913879395e-01
6.638942956924438477e-01
6.673164963722229004e-01
6.697398424148559570e-01
6.682819128036499023e-01
6.718734502792358398e-01
6.754289865493774414e-01
6.810227036476135254e-01
6.770964264869689941e-01
6.743054986000061035e-01
6.692175865173339844e-01
6.668339371681213379e-01
6.642920970916748047e-01
6.617643833160400391e-01
6.613102555274963379e-01
6.659621596336364746e-01
6.668251752853393555e-01
6.804567575454711914e-01
6.897054314613342285e-01
6.863201260566711426e-01
6.883027553558349609e-01
6.869506835937500000e-01
6.899416446685791016e-01
6.884147524833679199e-01
6.936895847320556641e-01
6.913695335388183594e-01
6.924800872802734375e-01
6.903854608535766602e-01
6.854362487792968750e-01
6.829751729965209961e-01
6.851195693016052246e-01
6.869705319404602051e-01
6.872580051422119141e-01
6.975539326667785645e-01
6.787458062171936035e-01
6.779285669326782227e-01
6.764594912528991699e-01
6.758529543876647949e-01
6.774720549583435059e-01
6.777963042259216309e-01
6.776760816574096680e-01
6.819657683372497559e-01
6.760450005531311035e-01
6.688414812088012695e-01
6.653644442558288574e-01
6.664663553237915039e-01
6.577754020690917969e-01
6.602302789688110352e-01
6.568699479103088379e-01
6.566650271415710449e-01
6.565664410591125488e-01
6.520479321479797363e-01
6.504468321800231934e-01
6.444932818412780762e-01
6.420855522155761719e-01
6.426529884338378906e-01
6.351549029350280762e-01
6.343786120414733887e-01
6.378336548805236816e-01
6.377642750740051270e-01
6.356744170188903809e-01
6.357949972152709961e-01
6.370719671249389648e-01
6.371682882308959961e-01
6.374244689941406250e-01
6.395348906517028809e-01
6.384944319725036621e-01
6.309474706649780273e-01
6.237700581550598145e-01
6.283199787139892578e-01
6.259247064590454102e-01
6.287357211112976074e-01
6.291920542716979980e-01
6.281490921974182129e-01
6.247435808181762695e-01
6.268714070320129395e-01
6.253398656845092773e-01
6.246283054351806641e-01
6.265160441398620605e-01
6.284937262535095215e-01
6.288831830024719238e-01
6.221853494644165039e-01
6.230738162994384766e-01
6.103858351707458496e-01
6.116582751274108887e-01
6.137447953224182129e-01
6.142060756683349609e-01
6.145060062408447266e-01
6.132448911666870117e-01
6.147245168685913086e-01
6.244364976882934570e-01
6.228160262107849121e-01
6.257544159889221191e-01
6.272633075714111328e-01
6.290453672409057617e-01
6.280735135078430176e-01
6.323289275169372559e-01
6.400576233863830566e-01
6.411144733428955078e-01
6.373265981674194336e-01
6.376162171363830566e-01
6.438195705413818359e-01
6.436828374862670898e-01
6.487034559249877930e-01
6.468721032142639160e-01
6.478116512298583984e-01
6.516121029853820801e-01
6.493622064590454102e-01
6.469348669052124023e-01
6.421855092048645020e-01
6.427111625671386719e-01
6.374154686927795410e-01
6.333191990852355957e-01
6.398196816444396973e-01
6.363586783409118652e-01
6.243782639503479004e-01
6.255654692649841309e-01
6.173816919326782227e-01
6.217138171195983887e-01
6.159467101097106934e-01
6.185951232910156250e-01
6.167652010917663574e-01
6.153796911239624023e-01
6.150008440017700195e-01
6.174130439758300781e-01
6.142665147781372070e-01
6.096122264862060547e-01
6.108134984970092773e-01
6.123563647270202637e-01
6.085774898529052734e-01
6.014006733894348145e-01
6.023905277252197266e-01
5.972049236297607422e-01
5.947684645652770996e-01
5.912079811096191406e-01
5.889589190483093262e-01
5.894054174423217773e-01
5.835499763488769531e-01
5.822201371192932129e-01
5.839051604270935059e-01
5.733629465103149414e-01
5.706564188003540039e-01
5.697946548461914062e-01
5.788456797599792480e-01
5.815445780754089355e-01
5.770682692527770996e-01
5.738269686698913574e-01
5.727971792221069336e-01
5.694111585617065430e-01
5.705694556236267090e-01
5.708750486373901367e-01
5.682166218757629395e-01
5.664647817611694336e-01
6.016302704811096191e-01
6.063298583030700684e-01
5.983118414878845215e-01
5.914348363876342773e-01
5.858263373374938965e-01
5.787066817283630371e-01
5.839373469352722168e-01
5.802294015884399414e-01
5.849407911300659180e-01
5.862726569175720215e-01
5.801140069961547852e-01
5.832524299621582031e-01
5.853291749954223633e-01
5.841172933578491211e-01
5.893605947494506836e-01
5.852518081665039062e-01
5.834872722625732422e-01
5.816521644592285156e-01
5.800176858901977539e-01
5.750997662544250488e-01
5.754817724227905273e-01
5.697834491729736328e-01
5.754460692405700684e-01
5.738345980644226074e-01
5.731077194213867188e-01
5.728904604911804199e-01
5.700117349624633789e-01
5.719912052154541016e-01
5.737932920455932617e-01
5.739266276359558105e-01
5.734678506851196289e-01
5.778758525848388672e-01
5.787062644958496094e-01
5.741822719573974609e-01
5.728952884674072266e-01
5.747043490409851074e-01
5.762556195259094238e-01
5.764041543006896973e-01
5.723159313201904297e-01
5.642840266227722168e-01
5.566022396087646484e-01
5.537031292915344238e-01
5.556015968322753906e-01
5.607122182846069336e-01
5.557691454887390137e-01
5.547844767570495605e-01
5.563284158706665039e-01
5.466924905776977539e-01
5.449881553649902344e-01
5.404380559921264648e-01
4.994911551475524902e-01
5.024491548538208008e-01
5.065615177154541016e-01
5.093165040016174316e-01
5.163617134094238281e-01
5.223819613456726074e-01
5.179862380027770996e-01
5.190067291259765625e-01
5.144749283790588379e-01
5.147740840911865234e-01
5.110511183738708496e-01
5.135239362716674805e-01
5.163994431495666504e-01
5.188074707984924316e-01
5.141006708145141602e-01
5.134250521659851074e-01
5.163680911064147949e-01
5.164868831634521484e-01
5.176645517349243164e-01
5.248779058456420898e-01
5.274126529693603516e-01
5.279790163040161133e-01
5.210409760475158691e-01
5.290476083755493164e-01
5.313165783882141113e-01
5.325616002082824707e-01
5.337311029434204102e-01
5.320402383804321289e-01
5.289193987846374512e-01
5.316648483276367188e-01
5.319541692733764648e-01
5.307220816612243652e-01
5.271350741386413574e-01
5.311134457588195801e-01
5.336110591888427734e-01
5.304743647575378418e-01
5.277725458145141602e-01
5.288283824920654297e-01
5.287137031555175781e-01
5.388507843017578125e-01
5.348168611526489258e-01
5.324267745018005371e-01
5.314230918884277344e-01
5.290882587432861328e-01
5.250415205955505371e-01
5.267740488052368164e-01
5.230713486671447754e-01
5.308183431625366211e-01
5.286666750907897949e-01
5.394676327705383301e-01
5.439924001693725586e-01
5.309762358665466309e-01
5.347434878349304199e-01
5.358143448829650879e-01
5.300797224044799805e-01
5.297070145606994629e-01
5.282047390937805176e-01
5.293947458267211914e-01
5.328971147537231445e-01
5.292259454727172852e-01
5.311673879623413086e-01
5.268532037734985352e-01
5.220961570739746094e-01
5.193482041358947754e-01
5.199412703514099121e-01
5.189226269721984863e-01
5.188298225402832031e-01
5.164498686790466309e-01
5.418308377265930176e-01
5.345222353935241699e-01
5.343765020370483398e-01
5.367391705513000488e-01
5.381210446357727051e-01
5.349534749984741211e-01
5.322116017341613770e-01
5.285428762435913086e-01
5.312503576278686523e-01
5.317991375923156738e-01
5.434365272521972656e-01
5.426813364028930664e-01
5.407637953758239746e-01
5.378577709197998047e-01
5.392613410949707031e-01
5.440518856048583984e-01
5.446078777313232422e-01
5.440858602523803711e-01
5.463246703147888184e-01
5.479415655136108398e-01
5.515640377998352051e-01
5.468437075614929199e-01
5.471192598342895508e-01
5.486868023872375488e-01
5.476700663566589355e-01
5.436559915542602539e-01
5.465066432952880859e-01
5.439372062683105469e-01
5.467996597290039062e-01
5.428447723388671875e-01
5.460367202758789062e-01
5.374441742897033691e-01
5.329934954643249512e-01
5.413088798522949219e-01
5.308313965797424316e-01
5.308349132537841797e-01
5.319564342498779297e-01
5.309342145919799805e-01
5.343208909034729004e-01
5.324456691741943359e-01
5.362266302108764648e-01
5.378183126449584961e-01
5.362555980682373047e-01
5.382013916969299316e-01
5.457791686058044434e-01
5.447687506675720215e-01
5.454804897308349609e-01
5.441801548004150391e-01
5.445937514305114746e-01
5.468052029609680176e-01
5.224219560623168945e-01
5.260226726531982422e-01
5.249061584472656250e-01
5.271120667457580566e-01
5.246368646621704102e-01
5.218129158020019531e-01
5.312792062759399414e-01
5.295208692550659180e-01
5.303238034248352051e-01
5.329572558403015137e-01
5.266953110694885254e-01
5.316469073295593262e-01
5.324748158454895020e-01
5.364944338798522949e-01
5.355745553970336914e-01
5.275716185569763184e-01
5.260042548179626465e-01
5.274070501327514648e-01
5.223186016082763672e-01
5.206546783447265625e-01
5.185725688934326172e-01
5.143288969993591309e-01
5.272128582000732422e-01
5.280468463897705078e-01
5.316922664642333984e-01
5.315062999725341797e-01
5.325361490249633789e-01
5.377418994903564453e-01
5.359369516372680664e-01
5.481379032135009766e-01
5.537173151969909668e-01
5.530879497528076172e-01
5.574257373809814453e-01
5.584717392921447754e-01
5.736721158027648926e-01
6.372237205505371094e-01
6.355329155921936035e-01
6.333612799644470215e-01
6.330187916755676270e-01
6.359425783157348633e-01
6.319900751113891602e-01
6.381499171257019043e-01
6.423411369323730469e-01
6.397361159324645996e-01
6.356581449508666992e-01
6.383908390998840332e-01
6.388805508613586426e-01
6.439682841300964355e-01
6.459995508193969727e-01
6.442217230796813965e-01
6.417766809463500977e-01
6.406058669090270996e-01
6.425334811210632324e-01
6.434884071350097656e-01
6.467021107673645020e-01
6.464431285858154297e-01
6.379609107971191406e-01
6.424733996391296387e-01
6.409420967102050781e-01
6.443159580230712891e-01
6.373273134231567383e-01
6.331266164779663086e-01
6.361013650894165039e-01
6.357389688491821289e-01
6.363286375999450684e-01
6.380214095115661621e-01
6.406053304672241211e-01
6.396167874336242676e-01
6.478100419044494629e-01
6.424075365066528320e-01
6.452532410621643066e-01
6.507650613784790039e-01
6.432729959487915039e-01
6.459243893623352051e-01
6.445859670639038086e-01
6.478958725929260254e-01
6.465852260589599609e-01
6.422576904296875000e-01
6.426266431808471680e-01
6.368921399116516113e-01
6.342508196830749512e-01
6.392130255699157715e-01
6.346623301506042480e-01
6.336343884468078613e-01
6.204167008399963379e-01
5.589926242828369141e-01
5.604534149169921875e-01
5.663425922393798828e-01
5.694049000740051270e-01
5.679673552513122559e-01
5.668063759803771973e-01
5.623918175697326660e-01
5.627039074897766113e-01
5.688444375991821289e-01
5.737842321395874023e-01
5.714536309242248535e-01
5.704964995384216309e-01
5.650888681411743164e-01
5.656331777572631836e-01
5.644300580024719238e-01
5.658849477767944336e-01
5.687627792358398438e-01
5.657683014869689941e-01
5.603976249694824219e-01
5.583401918411254883e-01
5.628925561904907227e-01
5.629656314849853516e-01
5.545766949653625488e-01
5.521022081375122070e-01
5.457479953765869141e-01
5.500466823577880859e-01
5.454276204109191895e-01
5.448916554450988770e-01
5.402171015739440918e-01
5.449083447456359863e-01
5.461665391921997070e-01
5.445564389228820801e-01
5.426918268203735352e-01
5.305382609367370605e-01
5.354648232460021973e-01
5.397195219993591309e-01
5.389795899391174316e-01
5.375955104827880859e-01
5.344796776771545410e-01
5.386459231376647949e-01
5.465289354324340820e-01
5.477009415626525879e-01
5.491399168968200684e-01
5.530238151550292969e-01
5.499069690704345703e-01
5.479959249496459961e-01
5.409263968467712402e-01
5.410339236259460449e-01
5.359122753143310547e-01
5.364863872528076172e-01
5.401465892791748047e-01
5.429728031158447266e-01
5.461779236793518066e-01
5.446712970733642578e-01
5.478987097740173340e-01
5.480602383613586426e-01
5.495718717575073242e-01
5.463456511497497559e-01
5.432902574539184570e-01
5.419090390205383301e-01
5.426095724105834961e-01
5.416806340217590332e-01
5.431248545646667480e-01
5.431668758392333984e-01
5.481359362602233887e-01
5.499982237815856934e-01
5.477708578109741211e-01
5.495519042015075684e-01
5.482122898101806641e-01
5.456281900405883789e-01
5.496419072151184082e-01
5.475004315376281738e-01
5.544587969779968262e-01
5.557013154029846191e-01
5.589885115623474121e-01
5.625153183937072754e-01
5.690519809722900391e-01
5.688965916633605957e-01
5.718790292739868164e-01
5.707073211669921875e-01
5.722318291664123535e-01
5.709729194641113281e-01
5.697756409645080566e-01
5.738050341606140137e-01
5.749088525772094727e-01
5.696852207183837891e-01
5.711967945098876953e-01
5.726466774940490723e-01
5.713331699371337891e-01
5.749962329864501953e-01
5.709958672523498535e-01
5.659001469612121582e-01
5.613917708396911621e-01
5.549217462539672852e-01
5.669347643852233887e-01
5.684211850166320801e-01
5.722386240959167480e-01
5.766844749450683594e-01
5.835025906562805176e-01
5.896124839782714844e-01
5.946889519691467285e-01
5.952797532081604004e-01
5.914461016654968262e-01
5.891671180725097656e-01
5.846593976020812988e-01
5.876796245574951172e-01
5.934287309646606445e-01
5.955991148948669434e-01
5.948413014411926270e-01
5.932257175445556641e-01
5.946668386459350586e-01
5.955572724342346191e-01
5.977154374122619629e-01
6.005595326423645020e-01
6.091626882553100586e-01
6.057202816009521484e-01
6.069745421409606934e-01
6.056967377662658691e-01
6.158106327056884766e-01
6.214654445648193359e-01
6.153671741485595703e-01
6.182859539985656738e-01
6.165823936462402344e-01
6.160627007484436035e-01
6.156813502311706543e-01
6.171112656593322754e-01
6.130465865135192871e-01
6.153368949890136719e-01
6.169526576995849609e-01
6.146017313003540039e-01
6.112816333770751953e-01
6.130550503730773926e-01
6.199421882629394531e-01
6.180092096328735352e-01
6.146464943885803223e-01
6.110389828681945801e-01
6.066902875900268555e-01
6.061711311340332031e-01
6.085845828056335449e-01
6.008841991424560547e-01
5.982657670974731445e-01
6.046201586723327637e-01
6.039758920669555664e-01
6.028839945793151855e-01
5.931585431098937988e-01
5.939334630966186523e-01
5.953806042671203613e-01
5.920435786247253418e-01
5.924406647682189941e-01
5.885335803031921387e-01
6.186204552650451660e-01
6.156138777732849121e-01
6.133156418800354004e-01
6.171306371688842773e-01
6.171922087669372559e-01
6.147928833961486816e-01
6.077229380607604980e-01
6.087009310722351074e-01
6.098745465278625488e-01
6.108253002166748047e-01
6.065114736557006836e-01
6.087850928306579590e-01
6.113662123680114746e-01
6.044956445693969727e-01
5.944873690605163574e-01
5.980611443519592285e-01
5.969981551170349121e-01
5.926428437232971191e-01
5.868561267852783203e-01
5.839532017707824707e-01
5.804722309112548828e-01
5.823367834091186523e-01
5.818639397621154785e-01
5.883253216743469238e-01
5.844585895538330078e-01
5.797321200370788574e-01
5.779868364334106445e-01
5.770337581634521484e-01
5.789840221405029297e-01
5.800903439521789551e-01
5.809321403503417969e-01
5.780526399612426758e-01
5.809314250946044922e-01
5.853254199028015137e-01
5.868021249771118164e-01
5.891947150230407715e-01
5.920471549034118652e-01
5.932037830352783203e-01
5.940572619438171387e-01
5.922841429710388184e-01
5.884270668029785156e-01
5.821349620819091797e-01
5.893724560737609863e-01
6.055290102958679199e-01
6.035207509994506836e-01
6.043366193771362305e-01
6.060466170310974121e-01
6.123566627502441406e-01
6.112055182456970215e-01
6.131748557090759277e-01
5.761381387710571289e-01
5.730293393135070801e-01
5.726289749145507812e-01
5.672671198844909668e-01
5.699869990348815918e-01
5.700297355651855469e-01
5.679597854614257812e-01
5.653214454650878906e-01
5.615298748016357422e-01
5.571514368057250977e-01
5.601457357406616211e-01
5.541709661483764648e-01
5.509182214736938477e-01
5.532596111297607422e-01
5.499123930931091309e-01
5.472576618194580078e-01
5.502352714538574219e-01
5.521243810653686523e-01
5.506495833396911621e-01
5.609491467475891113e-01
5.623604655265808105e-01
5.580969452857971191e-01
5.578310489654541016e-01
5.501899123191833496e-01
5.544994473457336426e-01
5.540043711662292480e-01
5.564374327659606934e-01
5.600947737693786621e-01
5.563226938247680664e-01
5.571203827857971191e-01
5.565821528434753418e-01
5.609676241874694824e-01
5.568295121192932129e-01
5.571782588958740234e-01
5.601482987403869629e-01
5.595011115074157715e-01
5.604687333106994629e-01
5.552833676338195801e-01
5.537087321281433105e-01
5.553618073463439941e-01
5.565788745880126953e-01
5.594950318336486816e-01
5.561401247978210449e-01
5.426280498504638672e-01
5.404921770095825195e-01
5.361272692680358887e-01
5.340691804885864258e-01
5.268296599388122559e-01
5.260157585144042969e-01
5.253459811210632324e-01
5.227067470550537109e-01
5.341139435768127441e-01
5.321998000144958496e-01
5.349690318107604980e-01
5.336500406265258789e-01
5.419188737869262695e-01
5.450865030288696289e-01
5.477370619773864746e-01
5.515365004539489746e-01
5.521924495697021484e-01
5.590251684188842773e-01
5.655795335769653320e-01
5.623369216918945312e-01
5.602297782897949219e-01
5.648474693298339844e-01
5.698613524436950684e-01
5.686116218566894531e-01
5.741071105003356934e-01
5.735498666763305664e-01
5.693284273147583008e-01
5.727537870407104492e-01
5.798020362854003906e-01
5.806689262390136719e-01
5.821117162704467773e-01
5.816137194633483887e-01
5.810347199440002441e-01
5.803213119506835938e-01
5.777862668037414551e-01
5.765863656997680664e-01
5.731230974197387695e-01
5.758779048919677734e-01
5.762794613838195801e-01
5.738428235054016113e-01
5.832521915435791016e-01
5.823069810867309570e-01
5.820862054824829102e-01
5.827091336250305176e-01
5.875353813171386719e-01
5.977729558944702148e-01
6.003344655036926270e-01
6.005316972732543945e-01
5.998469591140747070e-01
5.994191169738769531e-01
5.975527167320251465e-01
6.010613441467285156e-01
6.003238558769226074e-01
6.058048009872436523e-01
6.063920855522155762e-01
6.060715913772583008e-01
6.058679223060607910e-01
6.015393137931823730e-01
5.929843187332153320e-01
5.948746204376220703e-01
5.922188162803649902e-01
6.024039983749389648e-01
5.946433544158935547e-01
5.911428928375244141e-01
5.894955396652221680e-01
5.960714221000671387e-01
6.034881472587585449e-01
5.969225764274597168e-01
6.027023792266845703e-01
6.146602034568786621e-01
6.152675747871398926e-01
6.136400699615478516e-01
6.112616062164306641e-01
6.078637838363647461e-01
6.079123020172119141e-01
6.108378767967224121e-01
6.058418154716491699e-01
6.055977344512939453e-01
5.989402532577514648e-01
6.005253791809082031e-01
6.057464480400085449e-01
6.074949502944946289e-01
6.076263189315795898e-01
6.168965697288513184e-01
6.123614907264709473e-01
6.111732721328735352e-01
6.112172007560729980e-01
6.135020852088928223e-01
6.128308773040771484e-01
6.183397173881530762e-01
6.097360253334045410e-01
6.045960187911987305e-01
6.109938025474548340e-01
6.126765608787536621e-01
6.086036562919616699e-01
6.022440195083618164e-01
6.013182997703552246e-01
6.057054400444030762e-01
6.150218248367309570e-01
6.200532317161560059e-01
6.274566054344177246e-01
6.257929801940917969e-01
6.322939991950988770e-01
6.314892768859863281e-01
6.290199756622314453e-01
6.299537420272827148e-01
6.300143599510192871e-01
6.341596841812133789e-01
6.347746849060058594e-01
6.369317770004272461e-01
6.424165964126586914e-01
6.334982514381408691e-01
6.343052387237548828e-01
6.364657878875732422e-01
6.354156136512756348e-01
6.277092099189758301e-01
6.185869574546813965e-01
6.237533092498779297e-01
6.147676706314086914e-01
6.029042601585388184e-01
6.046733260154724121e-01
6.055660843849182129e-01
6.048442721366882324e-01
6.152166724205017090e-01
6.158623695373535156e-01
6.112694740295410156e-01
6.149963140487670898e-01
6.120940446853637695e-01
6.149551868438720703e-01
6.136937141418457031e-01
6.114569306373596191e-01
6.084583401679992676e-01
6.080879569053649902e-01
6.079869866371154785e-01
6.084502339363098145e-01
6.094995737075805664e-01
6.169321537017822266e-01
6.110652089118957520e-01
6.088420748710632324e-01
6.097384095191955566e-01
6.032741665840148926e-01
6.085304617881774902e-01
6.033793091773986816e-01
6.014008522033691406e-01
6.012948155403137207e-01
5.962502360343933105e-01
5.937861800193786621e-01
5.916144251823425293e-01
5.838052630424499512e-01
5.877444744110107422e-01
5.871113538742065430e-01
5.913901329040527344e-01
5.896913409233093262e-01
5.963762998580932617e-01
6.031079888343811035e-01
6.065565943717956543e-01
6.067366003990173340e-01
6.068505644798278809e-01
6.036035418510437012e-01
6.035738587379455566e-01
5.981253385543823242e-01
5.957936048507690430e-01
5.951572656631469727e-01
5.994282364845275879e-01
5.983579754829406738e-01
5.942688584327697754e-01
6.001147031784057617e-01
5.952841043472290039e-01
5.957888960838317871e-01
5.997531414031982422e-01
6.004109382629394531e-01
6.013370156288146973e-01
6.057457923889160156e-01
5.977078676223754883e-01
5.987476110458374023e-01
5.998490452766418457e-01
6.036387085914611816e-01
6.042085886001586914e-01
6.010199189186096191e-01
6.023722887039184570e-01
6.035134196281433105e-01
6.046804785728454590e-01
6.068609952926635742e-01
5.989254117012023926e-01
6.010038852691650391e-01
6.049163937568664551e-01
5.989854335784912109e-01
5.992139577865600586e-01
6.054379940032958984e-01
5.996125936508178711e-01
6.097169518470764160e-01
6.067562103271484375e-01
6.097869277000427246e-01
6.082945466041564941e-01
6.129939556121826172e-01
6.171322464942932129e-01
6.185327768325805664e-01
6.184242963790893555e-01
6.203111410140991211e-01
6.142411828041076660e-01
6.094708442687988281e-01
6.101557612419128418e-01
6.107961535453796387e-01
6.014812588691711426e-01
5.993219017982482910e-01
5.979271531105041504e-01
6.040959954261779785e-01
6.036813259124755859e-01
6.048136353492736816e-01
6.049427986145019531e-01
6.101723909378051758e-01
6.139430999755859375e-01
6.130231022834777832e-01
6.138189435005187988e-01
6.177731156349182129e-01
6.278485655784606934e-01
6.251082420349121094e-01
6.202489733695983887e-01
6.241022348403930664e-01
6.206040382385253906e-01
6.226894855499267578e-01
6.206147670745849609e-01
6.158952116966247559e-01
6.148965954780578613e-01
6.100167036056518555e-01
6.183120012283325195e-01
6.133291721343994141e-01
6.151977181434631348e-01
6.249980330467224121e-01
6.253035068511962891e-01
6.242457628250122070e-01
6.273640990257263184e-01
6.255670189857482910e-01
6.256020069122314453e-01
6.282605528831481934e-01
6.275499463081359863e-01
