1.328657031059265137e+00
1.321381688117980957e+00
1.316869497299194336e+00
1.306846022605895996e+00
1.306514143943786621e+00
1.307250022888183594e+00
1.299397110939025879e+00
1.296594500541687012e+00
1.291833162307739258e+00
1.284801363945007324e+00
1.275149822235107422e+00
1.265776872634887695e+00
1.270009160041809082e+00
1.270296931266784668e+00
1.263207197189331055e+00
1.263563513755798340e+00
1.254544854164123535e+00
1.246447205543518066e+00
1.242279410362243652e+00
1.248234629631042480e+00
1.238082885742187500e+00
1.236752152442932129e+00
1.234911799430847168e+00
1.230074286460876465e+00
1.226098895072937012e+00
1.226703166961669922e+00
1.223860740661621094e+00
1.214096188545227051e+00
1.206602215766906738e+00
1.202621579170227051e+00
1.204568386077880859e+00
1.201103329658508301e+00
1.206817269325256348e+00
1.208614230155944824e+00
1.212763786315917969e+00
1.213531017303466797e+00
1.213173866271972656e+00
1.214284300804138184e+00
1.207169532775878906e+00
1.200315833091735840e+00
1.206746578216552734e+00
1.200151920318603516e+00
1.194109916687011719e+00
1.193049550056457520e+00
1.192998409271240234e+00
1.191836118698120117e+00
1.192773461341857910e+00
1.190250396728515625e+00
1.191696524620056152e+00
1.189753293991088867e+00
1.199668765068054199e+00
1.196611881256103516e+00
1.197679042816162109e+00
1.189841151237487793e+00
1.189902305603027344e+00
1.192235112190246582e+00
1.191913366317749023e+00
1.188238024711608887e+00
1.185240864753723145e+00
1.194537758827209473e+00
1.195906877517700195e+00
1.200517892837524414e+00
1.194221735000610352e+00
1.190860033035278320e+00
1.186765670776367188e+00
1.189478754997253418e+00
1.185932040214538574e+00
1.174713015556335449e+00
1.164989590644836426e+00
1.155858635902404785e+00
1.158875942230224609e+00
1.156678080558776855e+00
1.161503911018371582e+00
1.160897731781005859e+00
1.160788059234619141e+00
1.161825180053710938e+00
1.162519574165344238e+00
1.164395093917846680e+00
1.162453055381774902e+00
1.161554574966430664e+00
1.156013727188110352e+00
1.157760500907897949e+00
1.159550786018371582e+00
1.155267596244812012e+00
1.157572746276855469e+00
1.157947421073913574e+00
1.155845761299133301e+00
1.156215071678161621e+00
1.158281683921813965e+00
1.160702705383300781e+00
1.160777091979980469e+00
1.167044878005981445e+00
1.172455787658691406e+00
1.172370076179504395e+00
1.177034735679626465e+00
1.179265379905700684e+00
1.180521607398986816e+00
1.184836506843566895e+00
1.187960147857666016e+00
1.191478729248046875e+00
1.189957022666931152e+00
1.198836326599121094e+00
1.195550799369812012e+00
1.199579358100891113e+00
1.192240953445434570e+00
1.191651463508605957e+00
1.187687277793884277e+00
1.186457872390747070e+00
1.188283205032348633e+00
1.181903481483459473e+00
1.182396411895751953e+00
1.183927178382873535e+00
1.186052560806274414e+00
1.193439006805419922e+00
1.198389410972595215e+00
1.194296002388000488e+00
1.204226732254028320e+00
1.215377807617187500e+00
1.222115278244018555e+00
1.235969662666320801e+00
1.241502881050109863e+00
1.247514605522155762e+00
1.245717287063598633e+00
1.247075080871582031e+00
1.256556034088134766e+00
1.253125548362731934e+00
1.259047150611877441e+00
1.257607221603393555e+00
1.265568256378173828e+00
1.269896268844604492e+00
1.274617433547973633e+00
1.265122056007385254e+00
1.259260892868041992e+00
1.263330698013305664e+00
1.262071728706359863e+00
1.264485955238342285e+00
1.265150785446166992e+00
1.263013958930969238e+00
1.272981643676757812e+00
1.271101951599121094e+00
1.270770788192749023e+00
1.267161130905151367e+00
1.270398020744323730e+00
1.269205212593078613e+00
1.267313599586486816e+00
1.257505416870117188e+00
1.252099394798278809e+00
1.245499610900878906e+00
1.242281317710876465e+00
1.239517569541931152e+00
1.238386273384094238e+00
1.230177283287048340e+00
1.235203862190246582e+00
1.235063791275024414e+00
1.240047931671142578e+00
1.231092929840087891e+00
1.229626893997192383e+00
1.225289463996887207e+00
1.215068578720092773e+00
1.221933960914611816e+00
1.216025233268737793e+00
1.201142311096191406e+00
1.184642553329467773e+00
1.175685763359069824e+00
1.172347426414489746e+00
1.162039279937744141e+00
1.151551723480224609e+00
1.149865269660949707e+00
1.150579094886779785e+00
1.138375878334045410e+00
1.127753496170043945e+00
1.130123257637023926e+00
1.122367262840270996e+00
1.118057370185852051e+00
1.103924274444580078e+00
1.105399727821350098e+00
1.089883923530578613e+00
1.083356618881225586e+00
1.083634972572326660e+00
1.075049877166748047e+00
1.072985172271728516e+00
1.080917000770568848e+00
1.074606657028198242e+00
1.070474267005920410e+00
1.067663908004760742e+00
1.064365625381469727e+00
1.062698483467102051e+00
1.062304258346557617e+00
1.053104758262634277e+00
1.047687172889709473e+00
1.048658609390258789e+00
1.038726687431335449e+00
1.030844092369079590e+00
1.032570600509643555e+00
1.021512508392333984e+00
1.032751441001892090e+00
1.040345668792724609e+00
1.041139006614685059e+00
1.043890714645385742e+00
1.046720862388610840e+00
1.048943758010864258e+00
1.051996588706970215e+00
1.040372729301452637e+00
1.044498562812805176e+00
1.044234275817871094e+00
1.045227527618408203e+00
1.073477149009704590e+00
1.080933570861816406e+00
1.090571522712707520e+00
1.080945253372192383e+00
1.079426169395446777e+00
1.084979295730590820e+00
1.095392704010009766e+00
1.098695278167724609e+00
1.097025275230407715e+00
1.104851722717285156e+00
1.098139762878417969e+00
1.099807977676391602e+00
1.092108488082885742e+00
1.087963223457336426e+00
1.074352979660034180e+00
1.065348505973815918e+00
1.068585634231567383e+00
1.064764142036437988e+00
1.068871855735778809e+00
1.065497756004333496e+00
1.076747536659240723e+00
1.073900461196899414e+00
1.065852046012878418e+00
1.067077994346618652e+00
1.068358421325683594e+00
1.066591620445251465e+00
1.071260929107666016e+00
1.073672771453857422e+00
1.076814293861389160e+00
1.076964378356933594e+00
1.068920016288757324e+00
1.065329074859619141e+00
1.066749095916748047e+00
1.065955042839050293e+00
1.060007572174072266e+00
1.066104650497436523e+00
1.068054080009460449e+00
1.063148736953735352e+00
1.070018291473388672e+00
1.063278555870056152e+00
1.054236531257629395e+00
1.055806875228881836e+00
1.050446867942810059e+00
1.050218105316162109e+00
1.046598315238952637e+00
1.040262937545776367e+00
1.047587990760803223e+00
1.040457606315612793e+00
1.037692308425903320e+00
1.034636020660400391e+00
1.006185054779052734e+00
1.000868320465087891e+00
9.948643445968627930e-01
9.955384731292724609e-01
9.964511394500732422e-01
9.976356625556945801e-01
9.923899173736572266e-01
9.915743470191955566e-01
9.950823783874511719e-01
9.999075531959533691e-01
1.006501555442810059e+00
1.005681276321411133e+00
1.004878163337707520e+00
1.003579616546630859e+00
1.019546031951904297e+00
1.014525651931762695e+00
1.010974168777465820e+00
1.006366848945617676e+00
1.004767894744873047e+00
1.006233930587768555e+00
1.001866579055786133e+00
1.006694197654724121e+00
1.010308504104614258e+00
1.004122138023376465e+00
1.002950191497802734e+00
1.004738092422485352e+00
1.001092791557312012e+00
9.972202181816101074e-01
9.916065335273742676e-01
9.952199459075927734e-01
1.007030606269836426e+00
1.010703921318054199e+00
1.010061264038085938e+00
1.010960578918457031e+00
1.011246204376220703e+00
1.006265878677368164e+00
1.008578062057495117e+00
1.009088158607482910e+00
1.006386637687683105e+00
1.008257269859313965e+00
1.007306098937988281e+00
9.991841316223144531e-01
9.935245513916015625e-01
9.889772534370422363e-01
9.902321100234985352e-01
9.937040209770202637e-01
9.989868402481079102e-01
9.975220561027526855e-01
9.918902516365051270e-01
9.972869753837585449e-01
1.002470135688781738e+00
1.004908084869384766e+00
1.014528632164001465e+00
1.013824582099914551e+00
1.013905763626098633e+00
1.016687512397766113e+00
1.017117738723754883e+00
1.012385964393615723e+00
1.014388203620910645e+00
1.001376986503601074e+00
1.005969047546386719e+00
1.002079129219055176e+00
1.003325819969177246e+00
9.982244968414306641e-01
9.974721670150756836e-01
1.008610248565673828e+00
1.010485649108886719e+00
1.017197132110595703e+00
1.013045549392700195e+00
1.011739015579223633e+00
1.011333107948303223e+00
1.012395262718200684e+00
1.004921793937683105e+00
1.017082691192626953e+00
1.012935876846313477e+00
1.008342385292053223e+00
1.007205247879028320e+00
1.007801413536071777e+00
1.006068706512451172e+00
1.005343556404113770e+00
9.981724023818969727e-01
9.976322054862976074e-01
9.933815598487854004e-01
9.929108619689941406e-01
9.899874925613403320e-01
9.922289848327636719e-01
9.845650196075439453e-01
9.798828363418579102e-01
9.801875352859497070e-01
9.743201732635498047e-01
9.699845910072326660e-01
9.755589365959167480e-01
9.794276952743530273e-01
9.789031744003295898e-01
9.820247888565063477e-01
9.794595241546630859e-01
9.727079868316650391e-01
9.695705175399780273e-01
9.720805287361145020e-01
9.649600982666015625e-01
9.570724964141845703e-01
9.518111348152160645e-01
9.392524957656860352e-01
9.347353577613830566e-01
9.296101927757263184e-01
9.254667758941650391e-01
9.278142452239990234e-01
9.274553060531616211e-01
9.182311892509460449e-01
9.156817793846130371e-01
9.072930812835693359e-01
9.104447960853576660e-01
9.085854291915893555e-01
9.082838296890258789e-01
9.035462141036987305e-01
8.875114917755126953e-01
8.803231716156005859e-01
8.796019554138183594e-01
8.809440135955810547e-01
8.750993609428405762e-01
8.716294169425964355e-01
8.690880537033081055e-01
8.680793642997741699e-01
8.584458231925964355e-01
8.593326807022094727e-01
8.549882769584655762e-01
8.523505330085754395e-01
8.432246446609497070e-01
8.483606576919555664e-01
8.456920385360717773e-01
8.462103009223937988e-01
8.379393219947814941e-01
8.381227254867553711e-01
8.400036692619323730e-01
8.395847082138061523e-01
8.391382098197937012e-01
8.413835763931274414e-01
8.414883613586425781e-01
8.389622569084167480e-01
8.389008045196533203e-01
8.393124341964721680e-01
8.293722271919250488e-01
8.266212344169616699e-01
8.235116004943847656e-01
8.126038312911987305e-01
8.184852004051208496e-01
8.177607059478759766e-01
8.144846558570861816e-01
8.138997554779052734e-01
8.149611949920654297e-01
8.093957304954528809e-01
8.117335438728332520e-01
8.140433430671691895e-01
8.183375597000122070e-01
8.158944845199584961e-01
8.145378828048706055e-01
8.116939067840576172e-01
8.088102936744689941e-01
8.112846612930297852e-01
8.231455087661743164e-01
8.231506943702697754e-01
8.172556161880493164e-01
8.150205016136169434e-01
8.217191100120544434e-01
8.186777234077453613e-01
8.211644887924194336e-01
8.230049014091491699e-01
8.190086483955383301e-01
8.204408884048461914e-01
8.237642049789428711e-01
8.284015059471130371e-01
8.310473561286926270e-01
8.353526592254638672e-01
8.359912037849426270e-01
8.376816511154174805e-01
8.348488807678222656e-01
8.439489603042602539e-01
8.507186770439147949e-01
8.447449207305908203e-01
8.438290357589721680e-01
8.438447713851928711e-01
8.436448574066162109e-01
8.456737995147705078e-01
8.434175848960876465e-01
8.447572588920593262e-01
8.468327522277832031e-01
8.492129445075988770e-01
8.462004661560058594e-01
8.424038887023925781e-01
8.412005901336669922e-01
8.533073663711547852e-01
8.607177138328552246e-01
8.634043931961059570e-01
8.626474738121032715e-01
8.628838062286376953e-01
8.523592352867126465e-01
8.489298820495605469e-01
8.568851947784423828e-01
8.553960323333740234e-01
8.487486243247985840e-01
8.635231852531433105e-01
8.587155342102050781e-01
8.631846904754638672e-01
8.609995841979980469e-01
8.600822687149047852e-01
8.583390116691589355e-01
8.520823717117309570e-01
8.486744761466979980e-01
8.487263321876525879e-01
8.414636850357055664e-01
8.450639247894287109e-01
8.467767238616943359e-01
8.423323631286621094e-01
8.437796831130981445e-01
8.442447185516357422e-01
8.450492620468139648e-01
8.408886790275573730e-01
8.345028162002563477e-01
8.299622535705566406e-01
8.258686661720275879e-01
8.184596896171569824e-01
8.201729655265808105e-01
8.107779622077941895e-01
8.005931377410888672e-01
8.004364967346191406e-01
8.055708408355712891e-01
7.987447977066040039e-01
7.996332645416259766e-01
8.039209842681884766e-01
8.009335398674011230e-01
7.980017066001892090e-01
7.976212501525878906e-01
7.935297489166259766e-01
7.883700728416442871e-01
7.815275788307189941e-01
7.794093489646911621e-01
7.783877849578857422e-01
7.821575999259948730e-01
7.889878749847412109e-01
7.931877970695495605e-01
7.795417904853820801e-01
7.788248658180236816e-01
7.788984179496765137e-01
7.806474566459655762e-01
7.831025719642639160e-01
7.867297530174255371e-01
7.906152606010437012e-01
7.854040265083312988e-01
7.875548601150512695e-01
7.895007133483886719e-01
7.753822207450866699e-01
7.766273021697998047e-01
7.688045501708984375e-01
7.654837965965270996e-01
7.685350775718688965e-01
7.652645111083984375e-01
7.641285657882690430e-01
7.632495760917663574e-01
7.620909214019775391e-01
7.628263831138610840e-01
7.569830417633056641e-01
7.531717419624328613e-01
7.543001770973205566e-01
7.528097033500671387e-01
7.475124597549438477e-01
7.501325011253356934e-01
7.568799853324890137e-01
7.693403363227844238e-01
7.757225632667541504e-01
7.739331722259521484e-01
7.764317393302917480e-01
7.742693424224853516e-01
7.822297811508178711e-01
7.911289930343627930e-01
7.921918630599975586e-01
7.936539649963378906e-01
