1.515547752380371094e+00
1.513808608055114746e+00
1.515815377235412598e+00
1.520836949348449707e+00
1.525817871093750000e+00
1.542676448822021484e+00
1.520717144012451172e+00
1.507459282875061035e+00
1.504315495491027832e+00
1.500782489776611328e+00
1.510415315628051758e+00
1.522805213928222656e+00
1.534184932708740234e+00
1.525514483451843262e+00
1.524873375892639160e+00
1.532871842384338379e+00
1.534406542778015137e+00
1.534225106239318848e+00
1.532005190849304199e+00
1.537258267402648926e+00
1.539467334747314453e+00
1.542595505714416504e+00
1.544862508773803711e+00
1.551676154136657715e+00
1.561552882194519043e+00
1.554909944534301758e+00
1.553005933761596680e+00
1.552366614341735840e+00
1.564195394515991211e+00
1.560357332229614258e+00
1.555467963218688965e+00
1.559338688850402832e+00
1.559169411659240723e+00
1.553027629852294922e+00
1.564587116241455078e+00
1.563601016998291016e+00
1.575975060462951660e+00
1.583595275878906250e+00
1.591328620910644531e+00
1.586757779121398926e+00
1.589892625808715820e+00
1.590627789497375488e+00
1.597475409507751465e+00
1.599190115928649902e+00
1.609818935394287109e+00
1.609655857086181641e+00
1.614302635192871094e+00
1.608679533004760742e+00
1.614128828048706055e+00
1.598939418792724609e+00
1.609162926673889160e+00
1.608864784240722656e+00
1.604955554008483887e+00
1.601442575454711914e+00
1.612631797790527344e+00
1.598426342010498047e+00
1.602429628372192383e+00
1.601987719535827637e+00
1.590018868446350098e+00
1.584156394004821777e+00
1.574089050292968750e+00
1.570710182189941406e+00
1.555513501167297363e+00
1.559710502624511719e+00
1.572028636932373047e+00
1.559178590774536133e+00
1.573097348213195801e+00
1.570169925689697266e+00
1.571123480796813965e+00
1.570778846740722656e+00
1.567632317543029785e+00
1.586037635803222656e+00
1.568502783775329590e+00
1.565683603286743164e+00
1.570038437843322754e+00
1.584440588951110840e+00
1.587380051612854004e+00
1.589422941207885742e+00
1.579268693923950195e+00
1.583528876304626465e+00
1.588369131088256836e+00
1.592750668525695801e+00
1.577054738998413086e+00
1.581744074821472168e+00
1.574868679046630859e+00
1.577704310417175293e+00
1.577378392219543457e+00
1.577198028564453125e+00
1.583962559700012207e+00
1.593721270561218262e+00
1.600966215133666992e+00
1.598821520805358887e+00
1.598430991172790527e+00
1.598768472671508789e+00
1.594072699546813965e+00
1.603920936584472656e+00
1.610498547554016113e+00
1.610743761062622070e+00
1.605958104133605957e+00
1.609683990478515625e+00
1.614495515823364258e+00
1.615201830863952637e+00
1.626958370208740234e+00
1.650731921195983887e+00
1.640193462371826172e+00
1.626939058303833008e+00
1.629540681838989258e+00
1.637216687202453613e+00
1.647763013839721680e+00
1.658616781234741211e+00
1.668989658355712891e+00
1.674035668373107910e+00
1.660897970199584961e+00
1.660481214523315430e+00
1.654666781425476074e+00
1.662817358970642090e+00
1.667857408523559570e+00
1.675731539726257324e+00
1.682525992393493652e+00
nan
nan
nan
nan
nan
nan
nan
nan
nan
nan
nan
nan
nan
nan
nan
nan
nan
nan
nan
nan
nan
nan
nan
nan
nan
nan
nan
nan
nan
nan
nan
nan
nan
nan
nan
nan
nan
nan
nan
nan
nan
nan
nan
nan
nan
nan
nan
nan
nan
nan
1.636108517646789551e+00
1.642221331596374512e+00
1.641338825225830078e+00
1.642597556114196777e+00
1.616176486015319824e+00
1.613231301307678223e+00
1.617786288261413574e+00
1.620388507843017578e+00
1.620414257049560547e+00
1.612615346908569336e+00
1.607049107551574707e+00
1.606469869613647461e+00
1.600033998489379883e+00
1.596583724021911621e+00
1.601855754852294922e+00
1.619055986404418945e+00
1.626616001129150391e+00
1.628040194511413574e+00
1.623178243637084961e+00
1.633066296577453613e+00
1.639270901679992676e+00
1.632903456687927246e+00
1.638185620307922363e+00
1.652016639709472656e+00
1.652491092681884766e+00
1.645022273063659668e+00
1.646010279655456543e+00
1.637394309043884277e+00
1.637336015701293945e+00
1.629781603813171387e+00
1.640079855918884277e+00
1.641955256462097168e+00
1.652962684631347656e+00
1.664198637008666992e+00
1.667444944381713867e+00
1.668289184570312500e+00
1.669055938720703125e+00
1.667836785316467285e+00
1.667062878608703613e+00
1.662623643875122070e+00
1.656270265579223633e+00
1.665917396545410156e+00
1.665220499038696289e+00
1.662852644920349121e+00
1.662332415580749512e+00
1.657118678092956543e+00
1.663547158241271973e+00
1.655632376670837402e+00
1.650176048278808594e+00
1.646796464920043945e+00
1.642579913139343262e+00
1.630312323570251465e+00
1.636301159858703613e+00
1.620477318763732910e+00
1.653779268264770508e+00
1.659497857093811035e+00
1.663455247879028320e+00
1.664981365203857422e+00
1.677096962928771973e+00
1.685656785964965820e+00
1.693388700485229492e+00
1.691686391830444336e+00
1.693908214569091797e+00
1.697163105010986328e+00
1.695494174957275391e+00
1.696482062339782715e+00
1.674913287162780762e+00
1.679968357086181641e+00
1.683041214942932129e+00
1.673730492591857910e+00
1.656207561492919922e+00
1.655704021453857422e+00
1.650921463966369629e+00
1.644768238067626953e+00
1.653081178665161133e+00
1.662253975868225098e+00
1.668166756629943848e+00
1.670683622360229492e+00
1.683124423027038574e+00
1.688475370407104492e+00
1.687572121620178223e+00
1.681592106819152832e+00
1.686569571495056152e+00
1.696377873420715332e+00
1.702841520309448242e+00
1.702165484428405762e+00
1.704801082611083984e+00
1.727290391921997070e+00
1.734333157539367676e+00
1.743485927581787109e+00
1.744209170341491699e+00
1.744328141212463379e+00
1.745959281921386719e+00
1.756984591484069824e+00
1.769647359848022461e+00
1.767824649810791016e+00
1.768569827079772949e+00
1.781190514564514160e+00
1.810951828956604004e+00
1.814765214920043945e+00
1.808117508888244629e+00
1.808203697204589844e+00
1.807583808898925781e+00
1.810920596122741699e+00
1.786676049232482910e+00
1.789918065071105957e+00
1.780529618263244629e+00
1.770650148391723633e+00
1.767331957817077637e+00
1.767879843711853027e+00
1.769763350486755371e+00
1.774890303611755371e+00
1.786003112792968750e+00
1.789455890655517578e+00
1.792884826660156250e+00
1.791027069091796875e+00
1.787816524505615234e+00
1.784868597984313965e+00
1.799209952354431152e+00
1.813537478446960449e+00
1.824988722801208496e+00
1.824266314506530762e+00
1.821989297866821289e+00
1.817100882530212402e+00
1.827093362808227539e+00
1.818176388740539551e+00
1.814685106277465820e+00
1.805883765220642090e+00
1.798684716224670410e+00
1.803367495536804199e+00
1.791552424430847168e+00
1.796799659729003906e+00
1.772181749343872070e+00
1.755300998687744141e+00
1.749023079872131348e+00
1.742637753486633301e+00
1.747000932693481445e+00
1.723976492881774902e+00
1.725119471549987793e+00
1.719005227088928223e+00
1.723147392272949219e+00
1.735902070999145508e+00
1.736388444900512695e+00
1.725418806076049805e+00
1.710998892784118652e+00
1.711886644363403320e+00
1.704821944236755371e+00
1.718141794204711914e+00
1.691554427146911621e+00
1.692397475242614746e+00
1.700745224952697754e+00
1.704463958740234375e+00
1.699210643768310547e+00
1.697401881217956543e+00
1.684885382652282715e+00
1.669894695281982422e+00
1.680161714553833008e+00
1.675866842269897461e+00
1.673015713691711426e+00
1.688197612762451172e+00
1.683448195457458496e+00
1.687297940254211426e+00
1.687018275260925293e+00
1.685795545578002930e+00
1.684948682785034180e+00
1.689075827598571777e+00
1.698546409606933594e+00
1.700343728065490723e+00
1.689345121383666992e+00
1.683551073074340820e+00
1.679941654205322266e+00
1.691775321960449219e+00
1.692026257514953613e+00
1.689056396484375000e+00
1.680656909942626953e+00
1.686138749122619629e+00
1.677149534225463867e+00
1.687178611755371094e+00
1.688298821449279785e+00
1.671854257583618164e+00
1.677514195442199707e+00
1.673468112945556641e+00
1.687908530235290527e+00
1.713496446609497070e+00
1.713984727859497070e+00
1.715146183967590332e+00
1.711990833282470703e+00
1.714850187301635742e+00
1.711264848709106445e+00
1.714800834655761719e+00
1.715374588966369629e+00
1.705555438995361328e+00
1.703655123710632324e+00
1.725636243820190430e+00
1.732849121093750000e+00
1.725006103515625000e+00
1.716006755828857422e+00
1.691022038459777832e+00
1.701073884963989258e+00
1.696830034255981445e+00
1.686732053756713867e+00
1.685549616813659668e+00
1.688490390777587891e+00
1.685455918312072754e+00
1.696493506431579590e+00
1.709559202194213867e+00
1.698988914489746094e+00
1.699411273002624512e+00
1.694172859191894531e+00
1.679874300956726074e+00
1.674557089805603027e+00
1.671707153320312500e+00
1.648334980010986328e+00
1.621843099594116211e+00
1.636798739433288574e+00
1.638506174087524414e+00
1.634620666503906250e+00
1.636663556098937988e+00
1.635996222496032715e+00
1.643535494804382324e+00
1.639399290084838867e+00
1.632018327713012695e+00
1.641182422637939453e+00
1.645546674728393555e+00
1.637104511260986328e+00
1.658855557441711426e+00
1.657150268554687500e+00
1.650181293487548828e+00
1.653468489646911621e+00
1.675137996673583984e+00
1.670560359954833984e+00
1.678065061569213867e+00
1.678964734077453613e+00
1.664335489273071289e+00
1.651442885398864746e+00
1.643884539604187012e+00
1.641053676605224609e+00
1.634836435317993164e+00
1.637213468551635742e+00
1.637508034706115723e+00
1.637195944786071777e+00
1.640220642089843750e+00
1.653104424476623535e+00
1.635315537452697754e+00
1.639027237892150879e+00
1.654489994049072266e+00
1.656398653984069824e+00
1.662830948829650879e+00
1.659421205520629883e+00
1.659370899200439453e+00
1.658874392509460449e+00
1.668165683746337891e+00
1.666885018348693848e+00
1.679082393646240234e+00
1.694363713264465332e+00
1.686410188674926758e+00
1.704912066459655762e+00
1.714549541473388672e+00
1.718301296234130859e+00
1.720693826675415039e+00
1.724730491638183594e+00
1.715967535972595215e+00
1.723859429359436035e+00
1.762426495552062988e+00
1.750278949737548828e+00
1.744807124137878418e+00
1.741887211799621582e+00
1.731650590896606445e+00
1.727009415626525879e+00
1.725168347358703613e+00
1.735493183135986328e+00
1.740138530731201172e+00
1.737935543060302734e+00
1.740928053855895996e+00
1.731097102165222168e+00
1.724680662155151367e+00
1.733136892318725586e+00
1.733940720558166504e+00
1.733866453170776367e+00
1.725620746612548828e+00
1.731531381607055664e+00
1.724769234657287598e+00
1.723615407943725586e+00
1.727568507194519043e+00
1.734584093093872070e+00
1.742389678955078125e+00
1.747272968292236328e+00
1.741608858108520508e+00
1.734189629554748535e+00
1.727464914321899414e+00
1.730615735054016113e+00
1.731124877929687500e+00
1.719025373458862305e+00
1.708056807518005371e+00
1.700050830841064453e+00
1.695988774299621582e+00
1.702401280403137207e+00
1.702008366584777832e+00
1.698885202407836914e+00
1.694012165069580078e+00
1.704857587814331055e+00
1.712370038032531738e+00
1.713784337043762207e+00
1.721484184265136719e+00
1.695809841156005859e+00
1.699687242507934570e+00
1.691704273223876953e+00
1.682863593101501465e+00
1.692790985107421875e+00
1.691064476966857910e+00
1.702574133872985840e+00
1.722924470901489258e+00
1.724551439285278320e+00
1.716485738754272461e+00
1.719031095504760742e+00
1.700688838958740234e+00
1.699500560760498047e+00
1.710921764373779297e+00
1.728389024734497070e+00
1.729185342788696289e+00
1.716742992401123047e+00
1.721682071685791016e+00
1.724576234817504883e+00
1.737734079360961914e+00
1.783496260643005371e+00
1.771081209182739258e+00
1.776259303092956543e+00
1.781210303306579590e+00
1.766727805137634277e+00
1.771701216697692871e+00
1.796705365180969238e+00
1.807111263275146484e+00
1.806451916694641113e+00
1.808377861976623535e+00
1.815594196319580078e+00
1.820905566215515137e+00
1.829833269119262695e+00
1.851221203804016113e+00
1.857240200042724609e+00
1.867367744445800781e+00
1.863124132156372070e+00
1.865939021110534668e+00
1.883624911308288574e+00
1.903216361999511719e+00
1.904867529869079590e+00
1.897854924201965332e+00
1.903926849365234375e+00
1.909704327583312988e+00
1.913707137107849121e+00
1.923336625099182129e+00
1.918988347053527832e+00
1.907881259918212891e+00
1.909167528152465820e+00
1.902896165847778320e+00
1.915745377540588379e+00
1.937964200973510742e+00
1.929536581039428711e+00
1.924104452133178711e+00
1.915051698684692383e+00
1.919138431549072266e+00
1.908213019371032715e+00
1.898274540901184082e+00
1.911599278450012207e+00
1.912460803985595703e+00
1.906259179115295410e+00
1.918178677558898926e+00
1.935037255287170410e+00
1.929326057434082031e+00
1.929087996482849121e+00
1.921384692192077637e+00
1.936393737792968750e+00
1.925142049789428711e+00
1.929362177848815918e+00
1.921575188636779785e+00
1.878504753112792969e+00
1.882173895835876465e+00
1.881751656532287598e+00
1.880673646926879883e+00
1.896111249923706055e+00
1.879360198974609375e+00
1.859394431114196777e+00
1.850950598716735840e+00
1.851935267448425293e+00
1.849752902984619141e+00
1.852363944053649902e+00
1.850490927696228027e+00
1.834657430648803711e+00
1.822603106498718262e+00
1.830553293228149414e+00
1.827906370162963867e+00
1.825462341308593750e+00
1.821805477142333984e+00
1.819054365158081055e+00
1.798405647277832031e+00
1.794507265090942383e+00
1.805009007453918457e+00
1.791179060935974121e+00
1.796880841255187988e+00
1.791037082672119141e+00
1.789034247398376465e+00
1.789285302162170410e+00
1.800605058670043945e+00
1.789121389389038086e+00
1.782593965530395508e+00
1.777704715728759766e+00
1.774102449417114258e+00
1.783575534820556641e+00
1.798400998115539551e+00
1.805803179740905762e+00
1.805648088455200195e+00
1.811147928237915039e+00
1.805133342742919922e+00
1.798190355300903320e+00
1.789504408836364746e+00
1.791665315628051758e+00
1.799513101577758789e+00
1.790554046630859375e+00
1.793552756309509277e+00
1.781016945838928223e+00
1.797698616981506348e+00
1.795894742012023926e+00
1.807818293571472168e+00
1.785259604454040527e+00
1.782846808433532715e+00
1.800496816635131836e+00
1.795180201530456543e+00
1.796023607254028320e+00
1.793595433235168457e+00
1.787455439567565918e+00
1.817773699760437012e+00
1.816021323204040527e+00
1.836080312728881836e+00
1.820783734321594238e+00
1.805919528007507324e+00
1.793918013572692871e+00
1.788043618202209473e+00
1.790282011032104492e+00
1.786498069763183594e+00
1.770641922950744629e+00
1.779819846153259277e+00
1.784022092819213867e+00
1.781959652900695801e+00
1.782490968704223633e+00
1.804776787757873535e+00
1.798033118247985840e+00
1.789346218109130859e+00
1.791173458099365234e+00
1.770114421844482422e+00
1.765973329544067383e+00
1.758888244628906250e+00
1.756284594535827637e+00
1.755098581314086914e+00
1.753486037254333496e+00
1.759411215782165527e+00
1.748204946517944336e+00
1.733516573905944824e+00
1.730963945388793945e+00
1.729122757911682129e+00
1.734061121940612793e+00
1.727955222129821777e+00
1.721255183219909668e+00
1.723445773124694824e+00
1.712893366813659668e+00
1.719554781913757324e+00
1.711713314056396484e+00
1.711731553077697754e+00
1.704123735427856445e+00
1.712556004524230957e+00
1.724205732345581055e+00
1.701418280601501465e+00
1.690379500389099121e+00
1.687332749366760254e+00
1.712562918663024902e+00
1.714833736419677734e+00
1.712336778640747070e+00
1.715721130371093750e+00
1.707154989242553711e+00
1.715110063552856445e+00
1.729435563087463379e+00
1.703112125396728516e+00
1.711116313934326172e+00
1.704307079315185547e+00
1.718543291091918945e+00
1.726494431495666504e+00
1.738172888755798340e+00
1.741724848747253418e+00
1.748894691467285156e+00
1.750003814697265625e+00
1.776933789253234863e+00
1.779215693473815918e+00
1.771414160728454590e+00
1.752353787422180176e+00
1.736040592193603516e+00
1.739913582801818848e+00
1.755331993103027344e+00
1.764997363090515137e+00
1.762278556823730469e+00
1.757528066635131836e+00
1.763964176177978516e+00
1.771188259124755859e+00
1.762426257133483887e+00
1.767828822135925293e+00
1.776524782180786133e+00
1.787406563758850098e+00
1.796842455863952637e+00
1.804944276809692383e+00
1.802745223045349121e+00
1.802928328514099121e+00
1.796326398849487305e+00
1.795976758003234863e+00
1.796368360519409180e+00
1.791031241416931152e+00
1.790835738182067871e+00
1.792895674705505371e+00
1.806436657905578613e+00
1.811077833175659180e+00
1.815876126289367676e+00
1.805357456207275391e+00
1.805248618125915527e+00
1.835410714149475098e+00
1.841730833053588867e+00
1.840836286544799805e+00
1.825825095176696777e+00
1.823884606361389160e+00
1.829067587852478027e+00
1.829242229461669922e+00
1.831898808479309082e+00
1.822497248649597168e+00
1.803005337715148926e+00
1.816398978233337402e+00
1.798297286033630371e+00
1.796909213066101074e+00
1.797841310501098633e+00
1.802445054054260254e+00
1.797769665718078613e+00
1.801621079444885254e+00
1.800357937812805176e+00
1.800896048545837402e+00
1.768396496772766113e+00
1.756571650505065918e+00
1.753582119941711426e+00
1.763952493667602539e+00
1.781957149505615234e+00
1.771166801452636719e+00
1.763597846031188965e+00
1.757291078567504883e+00
1.771345615386962891e+00
1.790860891342163086e+00
1.788862705230712891e+00
1.783045291900634766e+00
1.809326767921447754e+00
1.800489544868469238e+00
1.806875467300415039e+00
1.795152902603149414e+00
1.798150897026062012e+00
1.796602487564086914e+00
1.799328207969665527e+00
1.792792558670043945e+00
1.790187716484069824e+00
1.789347171783447266e+00
1.796852707862854004e+00
1.800618886947631836e+00
1.798690676689147949e+00
1.791268944740295410e+00
1.776872158050537109e+00
1.760393023490905762e+00
1.752428531646728516e+00
1.746333718299865723e+00
1.745486021041870117e+00
1.723088979721069336e+00
1.715821266174316406e+00
1.697934627532958984e+00
1.704024672508239746e+00
1.698693394660949707e+00
1.682196497917175293e+00
1.679000973701477051e+00
1.669880390167236328e+00
1.664382338523864746e+00
1.664405226707458496e+00
1.656641125679016113e+00
1.663071036338806152e+00
1.655925035476684570e+00
1.652979612350463867e+00
1.640316605567932129e+00
1.635592818260192871e+00
1.620421648025512695e+00
1.604801058769226074e+00
1.601994991302490234e+00
1.600295424461364746e+00
1.614210605621337891e+00
1.619245171546936035e+00
1.614563465118408203e+00
1.589911937713623047e+00
1.589691519737243652e+00
1.581997275352478027e+00
1.571213960647583008e+00
1.559754014015197754e+00
1.534585475921630859e+00
1.528730034828186035e+00
1.524201393127441406e+00
1.494924426078796387e+00
1.492321014404296875e+00
1.482250094413757324e+00
1.497533321380615234e+00
1.482911348342895508e+00
1.464082360267639160e+00
1.460928797721862793e+00
1.461289644241333008e+00
1.448484539985656738e+00
1.451055288314819336e+00
1.441421985626220703e+00
1.433227658271789551e+00
1.432580828666687012e+00
1.430108666419982910e+00
1.424806475639343262e+00
1.428692460060119629e+00
1.430205702781677246e+00
1.442481637001037598e+00
1.420714378356933594e+00
1.410033583641052246e+00
1.422782421112060547e+00
1.435385107994079590e+00
1.423143267631530762e+00
1.445832014083862305e+00
1.448115348815917969e+00
1.438768625259399414e+00
1.452033400535583496e+00
1.449348092079162598e+00
1.451373934745788574e+00
1.446584343910217285e+00
1.443849086761474609e+00
1.452676892280578613e+00
1.443793296813964844e+00
1.453905820846557617e+00
1.438603043556213379e+00
1.435599565505981445e+00
1.445557832717895508e+00
1.447881579399108887e+00
1.460301637649536133e+00
1.461568355560302734e+00
1.455046057701110840e+00
1.460785388946533203e+00
1.464487433433532715e+00
1.460731029510498047e+00
1.455288290977478027e+00
1.443352699279785156e+00
1.436039924621582031e+00
1.440195560455322266e+00
1.436944246292114258e+00
1.448916196823120117e+00
1.453966498374938965e+00
1.452521920204162598e+00
1.452389478683471680e+00
1.428908586502075195e+00
1.437880396842956543e+00
1.441509842872619629e+00
1.436065077781677246e+00
1.451252937316894531e+00
1.462671518325805664e+00
1.470455765724182129e+00
1.477808713912963867e+00
1.489891767501831055e+00
1.491429448127746582e+00
1.491017580032348633e+00
1.496267676353454590e+00
1.504563927650451660e+00
1.505364418029785156e+00
1.509301781654357910e+00
1.511295914649963379e+00
1.513499021530151367e+00
1.502360582351684570e+00
1.501928210258483887e+00
1.508609056472778320e+00
1.477960109710693359e+00
1.482950329780578613e+00
1.487133502960205078e+00
1.469964027404785156e+00
1.471623659133911133e+00
1.471981525421142578e+00
1.476334095001220703e+00
1.474274158477783203e+00
1.469427585601806641e+00
1.474500417709350586e+00
1.460680484771728516e+00
1.485776543617248535e+00
1.493732571601867676e+00
1.492218613624572754e+00
1.498782992362976074e+00
1.499741196632385254e+00
1.471532583236694336e+00
1.469254255294799805e+00
1.465332746505737305e+00
1.467027783393859863e+00
1.463331341743469238e+00
1.470704913139343262e+00
1.468976140022277832e+00
1.479223966598510742e+00
1.481696963310241699e+00
1.494933605194091797e+00
1.489178419113159180e+00
1.486788630485534668e+00
1.475588202476501465e+00
1.487912297248840332e+00
1.489536643028259277e+00
1.487120866775512695e+00
1.489089369773864746e+00
1.498313307762145996e+00
1.482135772705078125e+00
1.473353981971740723e+00
1.466248989105224609e+00
1.460388660430908203e+00
1.450438022613525391e+00
1.454548954963684082e+00
1.447476863861083984e+00
1.449993848800659180e+00
1.441304802894592285e+00
1.443715691566467285e+00
1.424900412559509277e+00
1.431818723678588867e+00
1.447429776191711426e+00
1.446563601493835449e+00
1.454415082931518555e+00
1.444151759147644043e+00
1.448535919189453125e+00
1.445927739143371582e+00
1.448397994041442871e+00
1.459942460060119629e+00
1.460793018341064453e+00
1.478878378868103027e+00
1.470221757888793945e+00
1.468647480010986328e+00
1.458350419998168945e+00
1.453250288963317871e+00
1.456260085105895996e+00
1.432091712951660156e+00
1.428552508354187012e+00
1.411905646324157715e+00
1.399195671081542969e+00
1.379657387733459473e+00
1.388540744781494141e+00
1.377276182174682617e+00
1.382439017295837402e+00
1.369149923324584961e+00
1.376454591751098633e+00
1.373679637908935547e+00
1.385582327842712402e+00
1.367223381996154785e+00
1.367120504379272461e+00
1.365024566650390625e+00
1.384347796440124512e+00
1.388494133949279785e+00
1.403012394905090332e+00
1.393223881721496582e+00
1.378436088562011719e+00
1.375751614570617676e+00
1.376965165138244629e+00
1.366732120513916016e+00
1.357766389846801758e+00
1.356533408164978027e+00
1.350621938705444336e+00
1.350910902023315430e+00
1.344771742820739746e+00
1.336971163749694824e+00
1.333261370658874512e+00
1.340399265289306641e+00
1.336395859718322754e+00
1.337258338928222656e+00
1.371012210845947266e+00
1.364403843879699707e+00
1.350723743438720703e+00
1.352914690971374512e+00
1.339614391326904297e+00
1.339685559272766113e+00
1.339543819427490234e+00
1.330480098724365234e+00
1.329042077064514160e+00
1.323807716369628906e+00
1.314873933792114258e+00
1.291829824447631836e+00
1.300314903259277344e+00
1.299586296081542969e+00
1.324802875518798828e+00
1.321626305580139160e+00
1.321727275848388672e+00
1.324328899383544922e+00
1.329264879226684570e+00
1.352884769439697266e+00
1.355533123016357422e+00
1.369336366653442383e+00
1.377873539924621582e+00
1.386290907859802246e+00
1.383130788803100586e+00
1.385598301887512207e+00
1.375888228416442871e+00
1.385135531425476074e+00
1.375046968460083008e+00
1.385782003402709961e+00
1.384039640426635742e+00
1.382199764251708984e+00
1.364465236663818359e+00
1.365978240966796875e+00
1.372512698173522949e+00
1.372700333595275879e+00
1.376608848571777344e+00
1.374622821807861328e+00
1.371597886085510254e+00
1.374050021171569824e+00
1.388665199279785156e+00
1.391204237937927246e+00
1.397817134857177734e+00
1.413400769233703613e+00
1.429857134819030762e+00
1.429181218147277832e+00
1.438950777053833008e+00
1.442111849784851074e+00
1.439085483551025391e+00
1.440341472625732422e+00
1.408394932746887207e+00
1.410337567329406738e+00
1.403996467590332031e+00
1.405575752258300781e+00
1.420611739158630371e+00
1.458131909370422363e+00
1.458806753158569336e+00
1.461801648139953613e+00
1.495249032974243164e+00
1.487182736396789551e+00
1.508529543876647949e+00
1.507639050483703613e+00
1.502092838287353516e+00
1.508380532264709473e+00
1.479728817939758301e+00
1.494833350181579590e+00
1.494985938072204590e+00
1.503243446350097656e+00
1.523423433303833008e+00
1.507813096046447754e+00
1.511755824089050293e+00
1.505090355873107910e+00
1.490301370620727539e+00
1.489580273628234863e+00
1.488430023193359375e+00
1.503652334213256836e+00
1.504243612289428711e+00
1.495403289794921875e+00
1.501159667968750000e+00
1.497055411338806152e+00
1.496469378471374512e+00
1.491472601890563965e+00
1.489871382713317871e+00
1.500317573547363281e+00
1.495857954025268555e+00
1.493830561637878418e+00
1.511783123016357422e+00
1.512780189514160156e+00
1.513158559799194336e+00
1.503748297691345215e+00
1.494104504585266113e+00
1.495400547981262207e+00
1.499258518218994141e+00
1.474464893341064453e+00
1.460701465606689453e+00
1.486054062843322754e+00
1.490119338035583496e+00
1.480973243713378906e+00
1.491331815719604492e+00
1.487364172935485840e+00
1.501036405563354492e+00
1.502677559852600098e+00
1.510170459747314453e+00
1.504918336868286133e+00
1.491357564926147461e+00
1.459999561309814453e+00
1.463593482971191406e+00
1.468899130821228027e+00
1.441477537155151367e+00
nan
nan
nan
nan
nan
nan
nan
nan
nan
nan
nan
nan
nan
nan
nan
nan
nan
nan
nan
nan
nan
nan
nan
nan
nan
nan
nan
nan
nan
nan
nan
nan
nan
nan
nan
nan
nan
nan
nan
nan
nan
nan
nan
nan
nan
nan
nan
nan
nan
nan
nan
nan
nan
nan
nan
nan
nan
nan
nan
nan
nan
nan
nan
nan
nan
nan
nan
1.551548719406127930e+00
1.522393465042114258e+00
1.535544276237487793e+00
1.529983162879943848e+00
1.529370069503784180e+00
1.545108318328857422e+00
1.553647637367248535e+00
1.556634545326232910e+00
1.567379593849182129e+00
1.554816722869873047e+00
1.548130750656127930e+00
1.560468196868896484e+00
1.550186276435852051e+00
1.540806531906127930e+00
1.531765341758728027e+00
1.536347389221191406e+00
1.536940574645996094e+00
1.528690814971923828e+00
1.526474714279174805e+00
1.522567391395568848e+00
1.515827894210815430e+00
1.513587594032287598e+00
1.543928980827331543e+00
1.528787851333618164e+00
1.503184318542480469e+00
1.515292406082153320e+00
1.514273405075073242e+00
1.510796785354614258e+00
1.501107931137084961e+00
1.486350536346435547e+00
1.470673322677612305e+00
1.478207111358642578e+00
1.468163490295410156e+00
1.474007725715637207e+00
1.477141261100769043e+00
1.475402951240539551e+00
1.473549365997314453e+00
1.476468801498413086e+00
1.478318810462951660e+00
1.476046800613403320e+00
1.488843441009521484e+00
1.495776653289794922e+00
1.483894228935241699e+00
1.481269836425781250e+00
1.467721462249755859e+00
1.456095457077026367e+00
1.455253958702087402e+00
1.444697737693786621e+00
1.439239144325256348e+00
1.420987606048583984e+00
1.418922781944274902e+00
1.424210667610168457e+00
1.402907729148864746e+00
1.401337742805480957e+00
1.397426724433898926e+00
1.372434854507446289e+00
1.373613715171813965e+00
1.367938995361328125e+00
1.370935559272766113e+00
1.376405835151672363e+00
1.394706368446350098e+00
1.399345517158508301e+00
1.396571397781372070e+00
1.386825442314147949e+00
1.383376955986022949e+00
1.365075707435607910e+00
1.372223377227783203e+00
1.368568420410156250e+00
1.372573256492614746e+00
1.376331925392150879e+00
1.373706936836242676e+00
1.372772097587585449e+00
1.341424226760864258e+00
1.340902686119079590e+00
1.362418651580810547e+00
1.363350272178649902e+00
1.356717824935913086e+00
1.357565641403198242e+00
1.369690656661987305e+00
1.365940213203430176e+00
1.407132983207702637e+00
1.393751502037048340e+00
1.379214286804199219e+00
1.384615063667297363e+00
1.393036365509033203e+00
1.384982466697692871e+00
1.405236959457397461e+00
1.413220167160034180e+00
1.408328056335449219e+00
1.398755788803100586e+00
1.399929642677307129e+00
1.393842577934265137e+00
1.397443056106567383e+00
1.392566800117492676e+00
1.392773032188415527e+00
1.400286078453063965e+00
1.397244572639465332e+00
1.393553137779235840e+00
1.411410689353942871e+00
1.426392078399658203e+00
1.439919233322143555e+00
1.433680415153503418e+00
1.442049741744995117e+00
1.435726642608642578e+00
1.443140387535095215e+00
1.452528119087219238e+00
1.440586686134338379e+00
1.451969146728515625e+00
1.454779386520385742e+00
1.447225451469421387e+00
1.437018871307373047e+00
1.430976867675781250e+00
1.425014853477478027e+00
1.453995108604431152e+00
1.452168226242065430e+00
1.466063737869262695e+00
1.477260470390319824e+00
1.489125967025756836e+00
1.484736204147338867e+00
1.493514060974121094e+00
1.495409250259399414e+00
1.489285588264465332e+00
1.489744067192077637e+00
1.505426287651062012e+00
1.501244306564331055e+00
1.488588809967041016e+00
1.495548248291015625e+00
1.488512277603149414e+00
1.477421760559082031e+00
1.474710106849670410e+00
1.458029747009277344e+00
1.466732144355773926e+00
1.484691023826599121e+00
1.469391226768493652e+00
1.474219679832458496e+00
1.476604342460632324e+00
1.465579032897949219e+00
1.466410994529724121e+00
1.456068277359008789e+00
1.471438288688659668e+00
1.462846875190734863e+00
1.466655611991882324e+00
1.466378331184387207e+00
1.473379969596862793e+00
1.472875952720642090e+00
1.455616712570190430e+00
1.470881223678588867e+00
1.467493534088134766e+00
1.467603445053100586e+00
1.464037060737609863e+00
1.459697842597961426e+00
1.455310106277465820e+00
1.452615618705749512e+00
1.459852933883666992e+00
1.451109766960144043e+00
1.440225243568420410e+00
1.446900367736816406e+00
1.441099643707275391e+00
1.422408580780029297e+00
1.432415723800659180e+00
1.420076489448547363e+00
1.429980874061584473e+00
1.446807503700256348e+00
1.427067756652832031e+00
1.426264047622680664e+00
1.411543726921081543e+00
1.389239192008972168e+00
1.383394598960876465e+00
1.393191337585449219e+00
1.399868130683898926e+00
1.400933504104614258e+00
1.400816917419433594e+00
1.417565107345581055e+00
1.423364281654357910e+00
1.421076536178588867e+00
1.429427623748779297e+00
1.439188957214355469e+00
1.450420498847961426e+00
1.458413362503051758e+00
1.474367022514343262e+00
1.476075649261474609e+00
1.481413006782531738e+00
1.475648164749145508e+00
1.493836998939514160e+00
1.480945110321044922e+00
1.480056762695312500e+00
1.489210963249206543e+00
1.485394001007080078e+00
1.485544681549072266e+00
1.481020092964172363e+00
1.496216773986816406e+00
1.497704148292541504e+00
1.498780369758605957e+00
1.489790678024291992e+00
1.508006453514099121e+00
1.533165335655212402e+00
1.523818373680114746e+00
1.526744723320007324e+00
1.509068727493286133e+00
1.518697977066040039e+00
1.503580570220947266e+00
1.510321974754333496e+00
1.516137957572937012e+00
1.512499094009399414e+00
1.525121569633483887e+00
1.525182962417602539e+00
1.527623653411865234e+00
1.517020463943481445e+00
1.521951317787170410e+00
1.515202045440673828e+00
1.513293743133544922e+00
1.519559502601623535e+00
1.514165163040161133e+00
1.502193450927734375e+00
1.503527045249938965e+00
1.504875659942626953e+00
1.504576563835144043e+00
1.507238507270812988e+00
1.511579155921936035e+00
1.498216986656188965e+00
1.493948817253112793e+00
1.506703019142150879e+00
1.490278959274291992e+00
1.470417737960815430e+00
1.473805665969848633e+00
1.468436241149902344e+00
1.464026212692260742e+00
1.456112623214721680e+00
1.462311744689941406e+00
1.457765460014343262e+00
1.461000680923461914e+00
1.444094419479370117e+00
1.446077704429626465e+00
1.443044304847717285e+00
1.461152315139770508e+00
1.472029447555541992e+00
1.460301876068115234e+00
1.487195134162902832e+00
1.496624946594238281e+00
1.492082953453063965e+00
1.485393881797790527e+00
1.494282484054565430e+00
1.509693026542663574e+00
1.514159679412841797e+00
1.504326939582824707e+00
1.502968549728393555e+00
1.510104775428771973e+00
1.511076331138610840e+00
1.513180136680603027e+00
1.514411568641662598e+00
1.522287845611572266e+00
1.530441761016845703e+00
1.519271969795227051e+00
1.532695055007934570e+00
1.519324541091918945e+00
1.522334933280944824e+00
1.511303663253784180e+00
1.519839763641357422e+00
1.533820629119873047e+00
1.537336826324462891e+00
1.551711082458496094e+00
1.537748456001281738e+00
1.530368328094482422e+00
1.543256402015686035e+00
1.550771594047546387e+00
1.568324685096740723e+00
1.571568965911865234e+00
1.567389011383056641e+00
1.553320050239562988e+00
1.547347545623779297e+00
1.566516399383544922e+00
1.553035378456115723e+00
1.554592847824096680e+00
1.550248742103576660e+00
1.540890455245971680e+00
1.553396582603454590e+00
1.564321398735046387e+00
1.563436627388000488e+00
1.551611781120300293e+00
1.543839454650878906e+00
1.523307919502258301e+00
1.549880623817443848e+00
1.549235105514526367e+00
1.565145254135131836e+00
1.558727860450744629e+00
1.554821372032165527e+00
1.556869029998779297e+00
1.533060789108276367e+00
1.530386805534362793e+00
1.542794227600097656e+00
1.530563354492187500e+00
1.513517141342163086e+00
1.490684986114501953e+00
1.493021249771118164e+00
1.492728233337402344e+00
1.491664290428161621e+00
1.486101627349853516e+00
1.484235048294067383e+00
1.484647274017333984e+00
1.468322634696960449e+00
1.480506777763366699e+00
1.473015427589416504e+00
1.478256225585937500e+00
1.467300534248352051e+00
1.476737022399902344e+00
1.474720001220703125e+00
1.489094734191894531e+00
1.487592458724975586e+00
1.472936391830444336e+00
1.482689976692199707e+00
1.467525005340576172e+00
1.462987542152404785e+00
1.465439200401306152e+00
1.463873386383056641e+00
1.449927210807800293e+00
1.442391991615295410e+00
1.441193222999572754e+00
1.432358145713806152e+00
1.422493577003479004e+00
1.432683229446411133e+00
1.417084217071533203e+00
1.425369262695312500e+00
1.417541384696960449e+00
1.421251416206359863e+00
1.419005870819091797e+00
1.401105165481567383e+00
1.393469691276550293e+00
1.409728646278381348e+00
1.412580966949462891e+00
1.418536543846130371e+00
1.439824223518371582e+00
1.437967777252197266e+00
1.431415915489196777e+00
1.415593862533569336e+00
1.423050522804260254e+00
1.429263591766357422e+00
1.428213477134704590e+00
1.430120110511779785e+00
1.432387232780456543e+00
1.425247192382812500e+00
1.426308751106262207e+00
1.432051897048950195e+00
1.440985441207885742e+00
1.443713426589965820e+00
1.437935352325439453e+00
1.435878634452819824e+00
1.432826995849609375e+00
1.440766453742980957e+00
1.443048954010009766e+00
1.467189669609069824e+00
1.451249241828918457e+00
1.474205493927001953e+00
1.493295550346374512e+00
1.483166337013244629e+00
1.487980842590332031e+00
1.487364530563354492e+00
1.478714585304260254e+00
1.484902501106262207e+00
1.496890306472778320e+00
1.491171002388000488e+00
1.496036171913146973e+00
1.510387420654296875e+00
1.520593166351318359e+00
1.508268237113952637e+00
1.526648879051208496e+00
1.522893548011779785e+00
1.521244168281555176e+00
1.523672938346862793e+00
1.547271847724914551e+00
1.540578126907348633e+00
1.538247704505920410e+00
1.546110033988952637e+00
1.546361565589904785e+00
1.571309804916381836e+00
1.584975481033325195e+00
1.608836054801940918e+00
1.616029977798461914e+00
1.602438211441040039e+00
1.623097538948059082e+00
1.633875727653503418e+00
1.626463174819946289e+00
1.622306108474731445e+00
1.620871067047119141e+00
1.615661740303039551e+00
1.590352892875671387e+00
1.588584303855895996e+00
1.586490988731384277e+00
1.583232164382934570e+00
1.590457558631896973e+00
1.586922883987426758e+00
1.577613830566406250e+00
1.575448155403137207e+00
1.576323032379150391e+00
1.571302294731140137e+00
1.571074843406677246e+00
1.568017125129699707e+00
1.576951146125793457e+00
1.562308549880981445e+00
1.559156179428100586e+00
1.525997281074523926e+00
1.521270155906677246e+00
1.507257699966430664e+00
1.482017517089843750e+00
1.483445882797241211e+00
1.471183419227600098e+00
1.474120497703552246e+00
1.470373630523681641e+00
1.463851451873779297e+00
1.454956054687500000e+00
1.451224088668823242e+00
1.465089440345764160e+00
1.451576232910156250e+00
1.439900398254394531e+00
1.448354482650756836e+00
1.428965568542480469e+00
1.419499874114990234e+00
1.418693661689758301e+00
1.414443016052246094e+00
1.397069215774536133e+00
1.390224337577819824e+00
1.387229800224304199e+00
1.369662165641784668e+00
1.366875886917114258e+00
1.348114371299743652e+00
1.325124382972717285e+00
1.308595895767211914e+00
1.287375688552856445e+00
1.289453625679016113e+00
1.278412222862243652e+00
1.262467980384826660e+00
1.249742746353149414e+00
1.241572856903076172e+00
1.235676407814025879e+00
1.236424326896667480e+00
1.237354874610900879e+00
1.218967676162719727e+00
1.275708198547363281e+00
1.262662529945373535e+00
1.246169567108154297e+00
1.239626526832580566e+00
1.243834018707275391e+00
1.239129543304443359e+00
1.236447334289550781e+00
1.225418806076049805e+00
1.220059514045715332e+00
1.217781424522399902e+00
1.207477211952209473e+00
1.213471412658691406e+00
1.211699128150939941e+00
1.227965354919433594e+00
1.237330675125122070e+00
1.212188005447387695e+00
1.224426627159118652e+00
1.224096894264221191e+00
1.223576307296752930e+00
1.213830590248107910e+00
1.212211251258850098e+00
1.209674119949340820e+00
1.204151988029479980e+00
1.203477501869201660e+00
1.192466855049133301e+00
1.189265251159667969e+00
1.192262768745422363e+00
1.189456820487976074e+00
1.194388747215270996e+00
1.205626845359802246e+00
1.200954318046569824e+00
1.232081174850463867e+00
1.227285146713256836e+00
1.234079837799072266e+00
1.236121058464050293e+00
1.242848753929138184e+00
1.256178259849548340e+00
1.247057318687438965e+00
1.263945937156677246e+00
1.258374810218811035e+00
1.259654998779296875e+00
1.252818584442138672e+00
1.247276902198791504e+00
1.242780447006225586e+00
1.244926810264587402e+00
1.249789118766784668e+00
1.253736376762390137e+00
1.249953150749206543e+00
1.245763421058654785e+00
1.246857166290283203e+00
1.187164425849914551e+00
1.183354377746582031e+00
1.215397000312805176e+00
1.219753384590148926e+00
1.218365311622619629e+00
1.221195936203002930e+00
1.211492180824279785e+00
1.221927642822265625e+00
1.212011814117431641e+00
1.210629701614379883e+00
1.210529685020446777e+00
1.213217496871948242e+00
1.212946772575378418e+00
1.207504391670227051e+00
1.211474895477294922e+00
1.219473719596862793e+00
1.212513566017150879e+00
1.213874578475952148e+00
1.209030747413635254e+00
1.216939449310302734e+00
1.223976373672485352e+00
1.219104647636413574e+00
1.221442461013793945e+00
1.222319722175598145e+00
1.212654709815979004e+00
1.215983629226684570e+00
1.213809013366699219e+00
1.229218125343322754e+00
1.230565190315246582e+00
1.205707669258117676e+00
1.206295490264892578e+00
1.177169084548950195e+00
1.190915942192077637e+00
1.189958930015563965e+00
1.174539208412170410e+00
1.214030981063842773e+00
1.191371321678161621e+00
1.206371545791625977e+00
1.207608222961425781e+00
1.221566677093505859e+00
1.223241448402404785e+00
1.215541481971740723e+00
1.215601325035095215e+00
1.215124487876892090e+00
1.211319684982299805e+00
1.210295438766479492e+00
1.216395735740661621e+00
1.215392947196960449e+00
1.236990213394165039e+00
1.234803438186645508e+00
1.230516672134399414e+00
1.240947484970092773e+00
1.205847978591918945e+00
1.204642295837402344e+00
1.200542211532592773e+00
1.203654885292053223e+00
1.204707741737365723e+00
1.198501706123352051e+00
1.212690830230712891e+00
1.227019786834716797e+00
1.248533129692077637e+00
1.240343809127807617e+00
1.252871394157409668e+00
1.250401377677917480e+00
1.245554327964782715e+00
1.242884755134582520e+00
1.242937922477722168e+00
1.238426089286804199e+00
1.249805808067321777e+00
1.245388269424438477e+00
1.237103462219238281e+00
1.238333344459533691e+00
1.240255713462829590e+00
1.235142230987548828e+00
1.237743854522705078e+00
1.261528968811035156e+00
1.279639840126037598e+00
1.265061855316162109e+00
1.265198707580566406e+00
1.279196619987487793e+00
1.284531712532043457e+00
1.290699124336242676e+00
1.282134890556335449e+00
1.283594250679016113e+00
1.297289133071899414e+00
1.251510381698608398e+00
1.264933943748474121e+00
1.256468772888183594e+00
1.250548839569091797e+00
1.258031725883483887e+00
1.252078175544738770e+00
1.258955478668212891e+00
1.259327888488769531e+00
1.264431357383728027e+00
1.268126845359802246e+00
1.258703112602233887e+00
1.252484560012817383e+00
1.257902860641479492e+00
1.248636364936828613e+00
1.249536633491516113e+00
1.251966118812561035e+00
1.252202391624450684e+00
1.270348787307739258e+00
1.256955742835998535e+00
1.263342261314392090e+00
1.261990308761596680e+00
1.262851119041442871e+00
1.265546083450317383e+00
1.262797713279724121e+00
1.246932268142700195e+00
1.218871831893920898e+00
1.218965649604797363e+00
1.215273499488830566e+00
1.232316493988037109e+00
1.225305318832397461e+00
1.230471253395080566e+00
1.227534890174865723e+00
1.239596724510192871e+00
1.233833789825439453e+00
1.235764145851135254e+00
1.238651394844055176e+00
1.241288423538208008e+00
1.253554940223693848e+00
1.264398932456970215e+00
1.268778324127197266e+00
1.248447299003601074e+00
1.231396675109863281e+00
1.231583833694458008e+00
1.239122748374938965e+00
1.252536654472351074e+00
1.247949481010437012e+00
1.242259025573730469e+00
1.244177341461181641e+00
1.254296898841857910e+00
1.257758855819702148e+00
1.262400150299072266e+00
1.257672905921936035e+00
1.261001110076904297e+00
1.260229587554931641e+00
1.238911747932434082e+00
1.246075510978698730e+00
1.250852108001708984e+00
1.248111724853515625e+00
1.266787767410278320e+00
1.263044953346252441e+00
1.266065835952758789e+00
1.267712593078613281e+00
1.275875329971313477e+00
1.271634578704833984e+00
1.274040222167968750e+00
1.276676297187805176e+00
1.276380300521850586e+00
1.258741736412048340e+00
1.271249651908874512e+00
1.284745454788208008e+00
1.284165501594543457e+00
1.292360067367553711e+00
1.289139509201049805e+00
1.286968350410461426e+00
1.283704638481140137e+00
1.290854811668395996e+00
1.307727336883544922e+00
1.300858736038208008e+00
1.286457657814025879e+00
1.294323682785034180e+00
1.290677785873413086e+00
1.289117336273193359e+00
1.285045742988586426e+00
1.283123493194580078e+00
1.285266399383544922e+00
1.279444217681884766e+00
1.294169425964355469e+00
1.277534842491149902e+00
1.268877744674682617e+00
1.263186454772949219e+00
1.270905733108520508e+00
1.283281683921813965e+00
1.281428337097167969e+00
1.273142814636230469e+00
1.261038303375244141e+00
1.272729039192199707e+00
1.270395517349243164e+00
1.267440915107727051e+00
1.268978476524353027e+00
1.268121600151062012e+00
1.267981290817260742e+00
1.263370156288146973e+00
1.251456737518310547e+00
1.244264721870422363e+00
1.245849490165710449e+00
1.233773827552795410e+00
1.236789703369140625e+00
1.236576437950134277e+00
1.233796119689941406e+00
1.238293051719665527e+00
1.233400583267211914e+00
1.238586306571960449e+00
1.225121259689331055e+00
1.226718783378601074e+00
1.222874522209167480e+00
1.228174924850463867e+00
1.236774563789367676e+00
1.240005373954772949e+00
1.261277914047241211e+00
1.241241931915283203e+00
1.236899375915527344e+00
1.228163242340087891e+00
1.264295220375061035e+00
1.276259899139404297e+00
1.291707038879394531e+00
1.284037113189697266e+00
1.277562260627746582e+00
1.291504621505737305e+00
1.295467376708984375e+00
1.297926306724548340e+00
1.316786646842956543e+00
1.322060108184814453e+00
1.317072153091430664e+00
1.321537494659423828e+00
1.314721226692199707e+00
1.326922178268432617e+00
1.306694746017456055e+00
1.311178565025329590e+00
1.316443681716918945e+00
1.319892168045043945e+00
1.309753060340881348e+00
1.300631999969482422e+00
1.312031269073486328e+00
1.317268252372741699e+00
1.306992530822753906e+00
1.298564910888671875e+00
1.307067155838012695e+00
1.302664279937744141e+00
1.280523777008056641e+00
1.292828679084777832e+00
1.304531812667846680e+00
1.314789295196533203e+00
1.327976346015930176e+00
1.324481964111328125e+00
1.314329028129577637e+00
1.333049893379211426e+00
1.327775716781616211e+00
1.328377842903137207e+00
1.326237320899963379e+00
1.323372602462768555e+00
1.324997305870056152e+00
1.307270526885986328e+00
1.303175449371337891e+00
1.302304863929748535e+00
1.293137311935424805e+00
1.289235949516296387e+00
1.275498032569885254e+00
1.272485017776489258e+00
1.241589307785034180e+00
1.259488821029663086e+00
1.257505774497985840e+00
1.260939002037048340e+00
1.230812788009643555e+00
1.212435483932495117e+00
1.199681997299194336e+00
1.204274654388427734e+00
1.199571728706359863e+00
1.180870413780212402e+00
1.164726972579956055e+00
1.159566998481750488e+00
1.154505133628845215e+00
1.154173374176025391e+00
1.151639461517333984e+00
1.145443081855773926e+00
1.154568433761596680e+00
1.159914970397949219e+00
1.164952039718627930e+00
1.174152970314025879e+00
1.167862415313720703e+00
1.166011095046997070e+00
1.171727299690246582e+00
1.168148398399353027e+00
1.160762071609497070e+00
1.149016022682189941e+00
1.160512089729309082e+00
1.154620766639709473e+00
1.152970790863037109e+00
1.160297870635986328e+00
1.180967211723327637e+00
1.209744691848754883e+00
1.186858654022216797e+00
1.180412411689758301e+00
1.165214538574218750e+00
1.167309284210205078e+00
1.185479879379272461e+00
1.174453616142272949e+00
1.183019399642944336e+00
1.197346687316894531e+00
1.180684208869934082e+00
1.195716023445129395e+00
1.193094134330749512e+00
1.200307488441467285e+00
1.200763106346130371e+00
1.200576901435852051e+00
1.215392112731933594e+00
1.220385789871215820e+00
1.222821593284606934e+00
1.220093131065368652e+00
1.241148471832275391e+00
1.242933750152587891e+00
1.250356197357177734e+00
1.249180316925048828e+00
1.249591112136840820e+00
1.259118795394897461e+00
1.261940956115722656e+00
1.266046047210693359e+00
1.263884186744689941e+00
1.265622138977050781e+00
1.269205570220947266e+00
1.281258106231689453e+00
1.262981057167053223e+00
1.243300676345825195e+00
1.240612149238586426e+00
1.245073795318603516e+00
1.239736557006835938e+00
1.239579796791076660e+00
1.252770900726318359e+00
1.247365474700927734e+00
1.250302553176879883e+00
1.257614850997924805e+00
1.247969150543212891e+00
1.272738933563232422e+00
1.287567138671875000e+00
1.296863555908203125e+00
1.310678601264953613e+00
1.317249655723571777e+00
1.316512584686279297e+00
1.309179425239562988e+00
1.296529412269592285e+00
1.267206907272338867e+00
1.272619962692260742e+00
1.269089818000793457e+00
1.287314176559448242e+00
1.293069362640380859e+00
1.283323049545288086e+00
1.298051118850708008e+00
1.286770820617675781e+00
1.323356628417968750e+00
1.327782630920410156e+00
1.309455990791320801e+00
1.313712716102600098e+00
1.311949014663696289e+00
1.322999000549316406e+00
1.329713106155395508e+00
1.337351679801940918e+00
1.326754808425903320e+00
1.319200038909912109e+00
1.331498861312866211e+00
1.332025170326232910e+00
1.311650395393371582e+00
1.329270839691162109e+00
1.339437007904052734e+00
1.347007751464843750e+00
1.340014934539794922e+00
1.331855297088623047e+00
1.349432468414306641e+00
1.344582557678222656e+00
1.344492793083190918e+00
1.366558074951171875e+00
1.361603260040283203e+00
1.400556445121765137e+00
1.418235063552856445e+00
1.415971279144287109e+00
1.416948080062866211e+00
1.426229596138000488e+00
1.418649435043334961e+00
1.411976218223571777e+00
1.412491202354431152e+00
1.412973642349243164e+00
1.424376249313354492e+00
1.438563585281372070e+00
1.410704851150512695e+00
1.398910164833068848e+00
1.400868415832519531e+00
1.374269127845764160e+00
1.374854445457458496e+00
1.357876777648925781e+00
1.371734261512756348e+00
1.373546481132507324e+00
1.368707537651062012e+00
1.372892737388610840e+00
1.376191854476928711e+00
1.352897047996520996e+00
1.353240966796875000e+00
1.357591986656188965e+00
1.334852933883666992e+00
1.329872250556945801e+00
1.271340608596801758e+00
1.299153923988342285e+00
1.295910358428955078e+00
1.286430358886718750e+00
1.295330524444580078e+00
1.290095329284667969e+00
1.282640218734741211e+00
1.290306687355041504e+00
1.299741387367248535e+00
1.305745840072631836e+00
1.294155716896057129e+00
1.283375263214111328e+00
1.295147418975830078e+00
1.273570299148559570e+00
1.296688556671142578e+00
1.294836282730102539e+00
1.297620534896850586e+00
1.305450916290283203e+00
1.294507503509521484e+00
1.290347933769226074e+00
1.290371656417846680e+00
1.270921945571899414e+00
1.265012502670288086e+00
1.229908347129821777e+00
1.218271255493164062e+00
1.231793522834777832e+00
1.231495141983032227e+00
1.219236493110656738e+00
1.214196920394897461e+00
1.206293463706970215e+00
1.204880356788635254e+00
1.209987521171569824e+00
1.195533275604248047e+00
1.186969161033630371e+00
1.179657220840454102e+00
1.178101539611816406e+00
1.188968539237976074e+00
1.208214640617370605e+00
1.204329013824462891e+00
1.206655263900756836e+00
1.189875006675720215e+00
1.178529262542724609e+00
1.161566376686096191e+00
1.164913296699523926e+00
1.160738945007324219e+00
1.163240909576416016e+00
1.166711688041687012e+00
1.164245843887329102e+00
1.183695793151855469e+00
1.182876229286193848e+00
1.195730805397033691e+00
1.175137281417846680e+00
1.192680120468139648e+00
1.210975170135498047e+00
1.210089445114135742e+00
1.217721819877624512e+00
1.224697351455688477e+00
1.207673072814941406e+00
1.212524890899658203e+00
1.223248243331909180e+00
1.227504849433898926e+00
1.224108695983886719e+00
1.221995711326599121e+00
1.220156073570251465e+00
1.200742483139038086e+00
1.195454359054565430e+00
1.198821425437927246e+00
1.214972496032714844e+00
1.206859230995178223e+00
1.217620968818664551e+00
1.233942747116088867e+00
1.239349961280822754e+00
1.257612705230712891e+00
1.261769533157348633e+00
1.287523031234741211e+00
1.283923983573913574e+00
1.281850457191467285e+00
1.288006424903869629e+00
1.295064568519592285e+00
1.303385496139526367e+00
1.306738138198852539e+00
1.302245020866394043e+00
1.295585632324218750e+00
1.296423673629760742e+00
1.310007810592651367e+00
1.315908193588256836e+00
1.299181818962097168e+00
1.295686364173889160e+00
1.317200303077697754e+00
1.332632303237915039e+00
1.343165874481201172e+00
1.357583642005920410e+00
1.364829063415527344e+00
1.353487372398376465e+00
1.371186494827270508e+00
1.377823591232299805e+00
1.369612097740173340e+00
1.368253588676452637e+00
1.354979515075683594e+00
1.357333183288574219e+00
1.378312349319458008e+00
1.390350461006164551e+00
1.385614275932312012e+00
1.384573817253112793e+00
1.398330330848693848e+00
1.397330284118652344e+00
1.383171081542968750e+00
1.384005784988403320e+00
1.376656293869018555e+00
1.363836050033569336e+00
1.363494396209716797e+00
1.360160470008850098e+00
1.357605576515197754e+00
1.367843747138977051e+00
1.364612698554992676e+00
1.357450842857360840e+00
1.358681440353393555e+00
1.370863437652587891e+00
1.380567789077758789e+00
1.396060466766357422e+00
1.387614250183105469e+00
1.396649837493896484e+00
1.390233039855957031e+00
1.394553542137145996e+00
1.375126242637634277e+00
1.383508801460266113e+00
1.387751936912536621e+00
1.392086386680603027e+00
1.415943741798400879e+00
1.414967179298400879e+00
1.414294242858886719e+00
1.413676738739013672e+00
1.444023728370666504e+00
1.444971799850463867e+00
1.436308860778808594e+00
1.427667140960693359e+00
1.439575076103210449e+00
1.438197970390319824e+00
1.415301084518432617e+00
1.409094095230102539e+00
1.414011120796203613e+00
1.409990072250366211e+00
1.407082796096801758e+00
1.428151369094848633e+00
1.420795440673828125e+00
1.420455932617187500e+00
1.440059304237365723e+00
1.440413355827331543e+00
1.445434212684631348e+00
1.450544595718383789e+00
1.425220847129821777e+00
1.396783351898193359e+00
1.396013379096984863e+00
1.391486525535583496e+00
1.381002545356750488e+00
1.376105785369873047e+00
1.373809456825256348e+00
1.388544917106628418e+00
1.411098599433898926e+00
1.419159293174743652e+00
1.428270101547241211e+00
1.437050580978393555e+00
1.454874515533447266e+00
1.457029581069946289e+00
1.443672776222229004e+00
1.443030357360839844e+00
1.433237552642822266e+00
1.418142795562744141e+00
1.416432023048400879e+00
1.395657777786254883e+00
1.395834088325500488e+00
1.394387960433959961e+00
1.382408261299133301e+00
1.379369497299194336e+00
1.393134355545043945e+00
1.388492584228515625e+00
1.397421717643737793e+00
1.386772155761718750e+00
1.359757065773010254e+00
1.368158221244812012e+00
1.358153820037841797e+00
1.365741252899169922e+00
1.348802208900451660e+00
1.347506761550903320e+00
1.347852468490600586e+00
1.398459911346435547e+00
1.387942910194396973e+00
1.383431196212768555e+00
1.400166749954223633e+00
1.407857179641723633e+00
1.399175286293029785e+00
1.399720191955566406e+00
1.401322960853576660e+00
1.388868451118469238e+00
1.389501810073852539e+00
1.400438070297241211e+00
1.382203340530395508e+00
1.386851549148559570e+00
1.384430646896362305e+00
1.379671931266784668e+00
1.374269843101501465e+00
1.384384751319885254e+00
1.381523013114929199e+00
1.384062170982360840e+00
1.376729130744934082e+00
1.379776477813720703e+00
1.394292116165161133e+00
1.374773144721984863e+00
1.353779792785644531e+00
1.360538005828857422e+00
1.347047448158264160e+00
1.345747709274291992e+00
1.327289938926696777e+00
1.316365480422973633e+00
1.314800620079040527e+00
1.312039017677307129e+00
1.322197079658508301e+00
1.311824798583984375e+00
1.313758254051208496e+00
1.322814464569091797e+00
1.328853011131286621e+00
1.317677736282348633e+00
1.325254201889038086e+00
1.326008439064025879e+00
1.320050001144409180e+00
1.320167183876037598e+00
1.310765385627746582e+00
1.327006697654724121e+00
1.326458454132080078e+00
1.315495967864990234e+00
1.325121879577636719e+00
1.325746059417724609e+00
1.324905395507812500e+00
1.341425895690917969e+00
1.343061685562133789e+00
1.288121938705444336e+00
1.282950401306152344e+00
1.281139254570007324e+00
1.285102367401123047e+00
1.282306313514709473e+00
1.288851976394653320e+00
1.293848752975463867e+00
1.296482086181640625e+00
1.302142143249511719e+00
1.299457192420959473e+00
1.320509076118469238e+00
1.318884849548339844e+00
1.312427520751953125e+00
1.313985347747802734e+00
1.324293375015258789e+00
1.322312831878662109e+00
1.320122718811035156e+00
1.324864506721496582e+00
1.338938593864440918e+00
1.350594282150268555e+00
1.339257955551147461e+00
1.329790949821472168e+00
1.356069922447204590e+00
1.361479043960571289e+00
1.349742889404296875e+00
1.359483838081359863e+00
1.350306868553161621e+00
1.355896353721618652e+00
1.365468263626098633e+00
1.377689242362976074e+00
1.382522702217102051e+00
1.378244519233703613e+00
1.381027579307556152e+00
1.366566300392150879e+00
1.379408836364746094e+00
1.374310731887817383e+00
1.375305533409118652e+00
1.370018720626831055e+00
1.376750826835632324e+00
1.377415299415588379e+00
1.396336555480957031e+00
1.395227909088134766e+00
1.385142087936401367e+00
1.382641315460205078e+00
1.385891437530517578e+00
1.381906986236572266e+00
1.385523796081542969e+00
1.385791897773742676e+00
1.442965388298034668e+00
1.435441136360168457e+00
1.438508272171020508e+00
1.450345516204833984e+00
1.452162623405456543e+00
1.431533932685852051e+00
1.414235949516296387e+00
1.412980318069458008e+00
1.404855847358703613e+00
1.402856469154357910e+00
1.400907158851623535e+00
1.401464343070983887e+00
1.379043102264404297e+00
1.386387348175048828e+00
1.390313863754272461e+00
1.385250568389892578e+00
1.376331686973571777e+00
1.387177944183349609e+00
1.388159155845642090e+00
1.375113844871520996e+00
1.342228651046752930e+00
1.341822028160095215e+00
1.348698139190673828e+00
1.358769536018371582e+00
1.334947109222412109e+00
1.313334345817565918e+00
1.308144330978393555e+00
1.292988538742065430e+00
1.302273750305175781e+00
1.291499495506286621e+00
1.276115775108337402e+00
1.275013685226440430e+00
1.275301456451416016e+00
1.260837554931640625e+00
1.252838015556335449e+00
1.265466809272766113e+00
1.246601462364196777e+00
1.238757610321044922e+00
1.235421895980834961e+00
1.224893927574157715e+00
1.216369509696960449e+00
1.205019712448120117e+00
1.190501332283020020e+00
1.185084581375122070e+00
1.178759574890136719e+00
1.181240677833557129e+00
1.176344752311706543e+00
1.170948505401611328e+00
1.163241505622863770e+00
1.168767213821411133e+00
1.086934685707092285e+00
1.092023372650146484e+00
1.092957973480224609e+00
1.091247677803039551e+00
1.090038180351257324e+00
1.090933680534362793e+00
1.113150596618652344e+00
1.109904885292053223e+00
1.103933930397033691e+00
1.104600429534912109e+00
1.105612277984619141e+00
1.095590233802795410e+00
1.086452126502990723e+00
1.092125296592712402e+00
1.090694904327392578e+00
1.104806303977966309e+00
1.102273821830749512e+00
1.110198020935058594e+00
1.106592535972595215e+00
1.115684032440185547e+00
1.130025506019592285e+00
1.119264483451843262e+00
1.120338201522827148e+00
1.120883822441101074e+00
1.116111993789672852e+00
1.125470399856567383e+00
1.141402840614318848e+00
1.154765129089355469e+00
1.148552894592285156e+00
1.155228734016418457e+00
1.154462099075317383e+00
1.155850172042846680e+00
1.157290458679199219e+00
1.181544065475463867e+00
1.182198524475097656e+00
1.173051953315734863e+00
1.172197341918945312e+00
1.162761211395263672e+00
1.164300560951232910e+00
1.175025939941406250e+00
1.168353915214538574e+00
1.174940228462219238e+00
1.158608198165893555e+00
1.169118165969848633e+00
1.167311787605285645e+00
1.167768836021423340e+00
1.165261983871459961e+00
1.164495825767517090e+00
1.153242588043212891e+00
1.137292504310607910e+00
1.138133525848388672e+00
1.146893382072448730e+00
1.134398698806762695e+00
1.129457116127014160e+00
1.129715561866760254e+00
1.141794323921203613e+00
1.125426530838012695e+00
1.124574303627014160e+00
1.132768750190734863e+00
1.130328059196472168e+00
1.118451237678527832e+00
1.122059464454650879e+00
1.140009164810180664e+00
1.135274648666381836e+00
1.132334232330322266e+00
1.113544106483459473e+00
1.132308483123779297e+00
1.114766955375671387e+00
1.141052365303039551e+00
1.137321472167968750e+00
1.136899352073669434e+00
1.143556237220764160e+00
1.130842447280883789e+00
1.126855731010437012e+00
1.156696081161499023e+00
1.159557819366455078e+00
1.160510659217834473e+00
1.163986921310424805e+00
1.195309877395629883e+00
1.199741482734680176e+00
1.209054589271545410e+00
1.194213747978210449e+00
1.197134733200073242e+00
1.188926815986633301e+00
1.179183483123779297e+00
1.172082781791687012e+00
1.173784136772155762e+00
1.188887238502502441e+00
1.185710906982421875e+00
1.182127952575683594e+00
1.179715514183044434e+00
1.172793626785278320e+00
1.185775995254516602e+00
1.176834464073181152e+00
1.170734882354736328e+00
1.175019741058349609e+00
1.175520062446594238e+00
1.177371501922607422e+00
1.180961966514587402e+00
1.165817975997924805e+00
1.173773288726806641e+00
1.162916898727416992e+00
1.169045329093933105e+00
1.166545629501342773e+00
1.161962866783142090e+00
1.148639321327209473e+00
1.153397321701049805e+00
1.150588870048522949e+00
1.149490237236022949e+00
1.143191695213317871e+00
1.140327692031860352e+00
1.143637180328369141e+00
1.121456027030944824e+00
1.120238184928894043e+00
1.117126226425170898e+00
1.123766064643859863e+00
1.107564687728881836e+00
1.103251457214355469e+00
1.069687128067016602e+00
1.066921949386596680e+00
1.058652162551879883e+00
1.057058811187744141e+00
1.060334801673889160e+00
1.056413054466247559e+00
1.032074213027954102e+00
1.027420759201049805e+00
1.011695742607116699e+00
1.004459977149963379e+00
9.608024358749389648e-01
9.513446688652038574e-01
9.443944692611694336e-01
9.504644274711608887e-01
9.435351490974426270e-01
9.412850737571716309e-01
9.538503885269165039e-01
9.539123773574829102e-01
9.550426602363586426e-01
9.651767611503601074e-01
9.677032232284545898e-01
9.691229462623596191e-01
9.730922579765319824e-01
9.872644543647766113e-01
9.813809990882873535e-01
9.812884330749511719e-01
1.004106521606445312e+00
9.928250908851623535e-01
9.978998303413391113e-01
9.952103495597839355e-01
1.006734967231750488e+00
1.021075010299682617e+00
1.020905017852783203e+00
1.020480155944824219e+00
1.017494559288024902e+00
1.008400678634643555e+00
1.018087267875671387e+00
1.013201475143432617e+00
1.015809535980224609e+00
1.007996916770935059e+00
9.935648441314697266e-01
9.977065324783325195e-01
1.000676751136779785e+00
1.010429739952087402e+00
1.013949513435363770e+00
1.011532425880432129e+00
1.013362050056457520e+00
1.015603542327880859e+00
1.019595503807067871e+00
1.029487848281860352e+00
1.039384365081787109e+00
1.039034605026245117e+00
1.058777213096618652e+00
1.050405621528625488e+00
1.052681803703308105e+00
1.054248332977294922e+00
1.048186540603637695e+00
1.053096890449523926e+00
1.055851340293884277e+00
1.059330105781555176e+00
1.066967487335205078e+00
1.078140974044799805e+00
1.087115287780761719e+00
1.090992093086242676e+00
1.099066257476806641e+00
1.093639254570007324e+00
1.095616936683654785e+00
1.099194407463073730e+00
1.098292112350463867e+00
1.076956152915954590e+00
1.071371912956237793e+00
1.060896754264831543e+00
1.055661678314208984e+00
1.044889569282531738e+00
1.041800737380981445e+00
1.039100646972656250e+00
1.025272011756896973e+00
1.028608679771423340e+00
1.015287160873413086e+00
1.023754835128784180e+00
1.022243738174438477e+00
1.015176415443420410e+00
1.012667894363403320e+00
1.021498441696166992e+00
1.028937101364135742e+00
1.030808806419372559e+00
1.019637823104858398e+00
1.032376289367675781e+00
1.030473351478576660e+00
1.038390040397644043e+00
1.057068347930908203e+00
1.054306149482727051e+00
1.060182929039001465e+00
1.047754645347595215e+00
1.063068747520446777e+00
1.071547031402587891e+00
1.071325540542602539e+00
1.061910867691040039e+00
1.055102586746215820e+00
1.060185074806213379e+00
1.058677673339843750e+00
1.059652686119079590e+00
1.043311834335327148e+00
1.046345472335815430e+00
1.041949868202209473e+00
1.043771862983703613e+00
1.045876383781433105e+00
1.039204597473144531e+00
1.034111022949218750e+00
1.028045773506164551e+00
1.028723120689392090e+00
1.017229318618774414e+00
1.019720315933227539e+00
1.035485029220581055e+00
1.026971101760864258e+00
1.027421355247497559e+00
1.022690534591674805e+00
1.016576170921325684e+00
1.017007350921630859e+00
1.021500825881958008e+00
1.032589554786682129e+00
1.035669445991516113e+00
1.050699472427368164e+00
1.053694725036621094e+00
1.064379215240478516e+00
1.057934165000915527e+00
1.060111045837402344e+00
1.071298956871032715e+00
1.088960289955139160e+00
1.087982654571533203e+00
1.077110409736633301e+00
1.088201165199279785e+00
1.099393963813781738e+00
1.081964731216430664e+00
1.074737906455993652e+00
1.088740110397338867e+00
1.091421604156494141e+00
1.085356593132019043e+00
1.082153439521789551e+00
1.080540180206298828e+00
1.071105957031250000e+00
1.094410419464111328e+00
1.093112230300903320e+00
1.092000246047973633e+00
1.074550271034240723e+00
1.059059977531433105e+00
1.056137204170227051e+00
1.066846489906311035e+00
1.060508251190185547e+00
1.057897210121154785e+00
1.056715130805969238e+00
1.053879141807556152e+00
1.060081601142883301e+00
1.061097145080566406e+00
1.069629549980163574e+00
1.067296504974365234e+00
1.074365258216857910e+00
1.072734236717224121e+00
1.076673030853271484e+00
1.082450866699218750e+00
1.115226268768310547e+00
1.113958835601806641e+00
1.107122778892517090e+00
1.087916612625122070e+00
1.094099879264831543e+00
1.092900395393371582e+00
1.127152323722839355e+00
1.130735754966735840e+00
1.119069695472717285e+00
1.132357239723205566e+00
1.129476070404052734e+00
1.146186470985412598e+00
1.143131375312805176e+00
1.170421719551086426e+00
1.168513059616088867e+00
1.179445624351501465e+00
1.177682161331176758e+00
1.160733103752136230e+00
1.145023703575134277e+00
1.137964725494384766e+00
1.140955448150634766e+00
1.140505909919738770e+00
1.129344463348388672e+00
1.136501193046569824e+00
1.139656424522399902e+00
1.139514446258544922e+00
1.141737937927246094e+00
1.148861646652221680e+00
1.146514773368835449e+00
1.152422666549682617e+00
1.155938506126403809e+00
1.141893982887268066e+00
1.139262795448303223e+00
1.144072294235229492e+00
1.150352835655212402e+00
1.153690695762634277e+00
1.158545017242431641e+00
1.153545022010803223e+00
1.167375206947326660e+00
1.155676603317260742e+00
1.157870292663574219e+00
1.164704322814941406e+00
1.157246112823486328e+00
1.163044214248657227e+00
1.160700559616088867e+00
1.162671804428100586e+00
1.162642478942871094e+00
1.168902158737182617e+00
1.167520403861999512e+00
1.179960131645202637e+00
1.149818539619445801e+00
1.161352515220642090e+00
1.160620689392089844e+00
1.171030521392822266e+00
1.166025757789611816e+00
1.178773880004882812e+00
1.148597598075866699e+00
1.146705627441406250e+00
1.150873064994812012e+00
1.132222294807434082e+00
1.128752470016479492e+00
1.126803398132324219e+00
1.122747898101806641e+00
1.100051522254943848e+00
1.092623233795166016e+00
1.086278796195983887e+00
1.094431281089782715e+00
1.094744563102722168e+00
1.107825398445129395e+00
1.111788392066955566e+00
1.112741827964782715e+00
1.110870003700256348e+00
1.113025903701782227e+00
1.124189734458923340e+00
1.143117547035217285e+00
1.137820363044738770e+00
1.136426806449890137e+00
1.132524847984313965e+00
1.131527066230773926e+00
1.163897395133972168e+00
1.159628152847290039e+00
1.157142400741577148e+00
1.160634756088256836e+00
1.154013633728027344e+00
1.155407190322875977e+00
1.167976498603820801e+00
1.166806697845458984e+00
1.164322853088378906e+00
1.174345970153808594e+00
1.183139681816101074e+00
1.184525489807128906e+00
1.184669852256774902e+00
1.194017052650451660e+00
1.188316822052001953e+00
1.185193181037902832e+00
1.188875555992126465e+00
1.182688951492309570e+00
1.184445858001708984e+00
1.197544097900390625e+00
1.186014652252197266e+00
1.189636468887329102e+00
1.185633063316345215e+00
1.186627268791198730e+00
1.176084876060485840e+00
1.197753190994262695e+00
1.194506645202636719e+00
1.187823295593261719e+00
1.195292830467224121e+00
1.204086542129516602e+00
1.214421033859252930e+00
1.211300849914550781e+00
1.220778942108154297e+00
1.219989418983459473e+00
1.231689333915710449e+00
1.233532905578613281e+00
1.237393736839294434e+00
1.231371402740478516e+00
1.240075945854187012e+00
1.230944752693176270e+00
1.229809165000915527e+00
1.234829902648925781e+00
1.242387890815734863e+00
1.240449547767639160e+00
1.247048497200012207e+00
1.237083911895751953e+00
1.252042055130004883e+00
1.252476096153259277e+00
1.256110668182373047e+00
1.264224529266357422e+00
1.243288516998291016e+00
1.252180933952331543e+00
1.260304331779479980e+00
1.265510201454162598e+00
1.269624710083007812e+00
1.262840986251831055e+00
1.251134991645812988e+00
1.256893277168273926e+00
1.255098223686218262e+00
1.265518665313720703e+00
1.283967852592468262e+00
1.283868312835693359e+00
1.280265927314758301e+00
1.273541212081909180e+00
1.280842900276184082e+00
1.290152907371520996e+00
1.275677680969238281e+00
1.275261282920837402e+00
1.272812843322753906e+00
1.273300647735595703e+00
1.263646841049194336e+00
1.265599846839904785e+00
1.288762807846069336e+00
1.279961585998535156e+00
1.285344600677490234e+00
1.268338441848754883e+00
1.264773130416870117e+00
1.272676587104797363e+00
1.271672010421752930e+00
1.266890048980712891e+00
1.268112063407897949e+00
1.268743634223937988e+00
1.257450699806213379e+00
1.265431165695190430e+00
1.249505639076232910e+00
1.253560423851013184e+00
1.254822850227355957e+00
1.260756254196166992e+00
1.260938763618469238e+00
1.258081674575805664e+00
1.273371338844299316e+00
1.273082613945007324e+00
1.265761017799377441e+00
1.262625217437744141e+00
1.248234391212463379e+00
1.237485170364379883e+00
1.252225756645202637e+00
1.250379443168640137e+00
1.281018733978271484e+00
1.281567573547363281e+00
1.264071345329284668e+00
1.259148478507995605e+00
1.246816992759704590e+00
1.250500917434692383e+00
1.244318962097167969e+00
1.246556162834167480e+00
1.248532414436340332e+00
1.244717955589294434e+00
1.248077869415283203e+00
1.231500983238220215e+00
1.209828257560729980e+00
1.230310916900634766e+00
1.234622478485107422e+00
1.229313015937805176e+00
1.228023052215576172e+00
1.221826910972595215e+00
1.231765866279602051e+00
1.242288351058959961e+00
1.238486766815185547e+00
1.228137493133544922e+00
1.230670690536499023e+00
1.231212973594665527e+00
1.217169165611267090e+00
1.216040849685668945e+00
1.230203151702880859e+00
1.231258630752563477e+00
1.232324242591857910e+00
1.226624608039855957e+00
1.239953756332397461e+00
1.257461667060852051e+00
1.248899459838867188e+00
1.262657403945922852e+00
1.246235013008117676e+00
1.250396251678466797e+00
1.249904990196228027e+00
1.255446910858154297e+00
1.253776788711547852e+00
1.262234330177307129e+00
1.268361926078796387e+00
1.266567111015319824e+00
1.258248329162597656e+00
1.254829287528991699e+00
1.247529983520507812e+00
1.252503395080566406e+00
1.249357342720031738e+00
1.261258721351623535e+00
1.227657198905944824e+00
1.225724816322326660e+00
1.192642331123352051e+00
1.197061538696289062e+00
1.199771881103515625e+00
1.193727374076843262e+00
1.200450778007507324e+00
1.197316646575927734e+00
1.200460076332092285e+00
1.200467348098754883e+00
1.222742557525634766e+00
1.242674946784973145e+00
1.250400781631469727e+00
1.247997641563415527e+00
1.288105130195617676e+00
1.266626715660095215e+00
1.273200511932373047e+00
1.286576986312866211e+00
1.284260392189025879e+00
1.286563396453857422e+00
1.280648946762084961e+00
1.285086870193481445e+00
1.282027125358581543e+00
1.275563120841979980e+00
1.276669979095458984e+00
1.274909615516662598e+00
1.268953204154968262e+00
1.278118968009948730e+00
1.255523920059204102e+00
1.244413137435913086e+00
1.246592402458190918e+00
1.257938742637634277e+00
1.249819040298461914e+00
1.239453792572021484e+00
1.241058230400085449e+00
1.233829498291015625e+00
1.251261353492736816e+00
1.243668556213378906e+00
1.254730939865112305e+00
1.252664208412170410e+00
1.248386859893798828e+00
nan
nan
nan
nan
nan
nan
nan
nan
nan
nan
nan
nan
nan
nan
nan
nan
nan
nan
nan
nan
nan
nan
nan
nan
nan
nan
nan
nan
nan
nan
nan
nan
nan
nan
nan
nan
nan
nan
nan
nan
nan
nan
nan
nan
nan
nan
nan
nan
nan
nan
1.205585956573486328e+00
1.200857043266296387e+00
1.208272576332092285e+00
1.222997903823852539e+00
1.222621798515319824e+00
1.226752519607543945e+00
1.223662018775939941e+00
1.231194734573364258e+00
1.225349783897399902e+00
1.227984428405761719e+00
1.217901349067687988e+00
1.237831950187683105e+00
1.246385335922241211e+00
1.244585871696472168e+00
1.255086541175842285e+00
1.246113777160644531e+00
1.233202934265136719e+00
1.223933100700378418e+00
1.229295253753662109e+00
1.217242121696472168e+00
1.213133215904235840e+00
1.212310433387756348e+00
1.215568423271179199e+00
1.205031275749206543e+00
1.210836529731750488e+00
1.184062600135803223e+00
1.189644217491149902e+00
1.209916949272155762e+00
1.215740084648132324e+00
1.222277760505676270e+00
1.273844003677368164e+00
1.267711520195007324e+00
1.261550784111022949e+00
1.271424174308776855e+00
1.249168872833251953e+00
1.250409245491027832e+00
1.240525722503662109e+00
1.239912509918212891e+00
1.239575386047363281e+00
1.242661714553833008e+00
1.244948148727416992e+00
1.248657703399658203e+00
1.309462070465087891e+00
1.305013418197631836e+00
1.290652871131896973e+00
1.301406145095825195e+00
1.298588752746582031e+00
1.313645482063293457e+00
1.319457888603210449e+00
1.299881100654602051e+00
1.290897727012634277e+00
1.312543392181396484e+00
1.301566004753112793e+00
1.314567446708679199e+00
1.317871689796447754e+00
1.396056771278381348e+00
1.401306748390197754e+00
1.394449114799499512e+00
1.397070050239562988e+00
1.399511814117431641e+00
1.403869748115539551e+00
1.391402244567871094e+00
1.384914517402648926e+00
1.386650204658508301e+00
1.373847484588623047e+00
1.385019659996032715e+00
1.382882237434387207e+00
1.378962039947509766e+00
1.368484616279602051e+00
1.382732510566711426e+00
1.383635759353637695e+00
1.406723737716674805e+00
1.411916017532348633e+00
1.416727542877197266e+00
1.404311776161193848e+00
1.409075736999511719e+00
1.406410574913024902e+00
1.389887332916259766e+00
1.392299175262451172e+00
1.394695758819580078e+00
1.340058922767639160e+00
1.355824947357177734e+00
1.365358829498291016e+00
1.360911250114440918e+00
1.369359612464904785e+00
1.371116995811462402e+00
1.372244119644165039e+00
1.384423851966857910e+00
1.387541770935058594e+00
1.384311318397521973e+00
1.378367185592651367e+00
1.380877017974853516e+00
1.325498938560485840e+00
1.322524905204772949e+00
1.334138989448547363e+00
1.313260793685913086e+00
1.324136495590209961e+00
1.308793902397155762e+00
1.306637763977050781e+00
1.306825995445251465e+00
1.313170671463012695e+00
1.287069678306579590e+00
1.309723854064941406e+00
1.288977503776550293e+00
1.314063549041748047e+00
1.238449811935424805e+00
1.234763622283935547e+00
1.236564278602600098e+00
1.241836309432983398e+00
1.238698363304138184e+00
1.248308658599853516e+00
1.251130700111389160e+00
1.244738936424255371e+00
1.242326378822326660e+00
1.239682435989379883e+00
1.230143427848815918e+00
1.224398374557495117e+00
1.228191614151000977e+00
1.245071768760681152e+00
1.236853837966918945e+00
1.236399769783020020e+00
1.207272171974182129e+00
1.207603931427001953e+00
1.205224633216857910e+00
1.206059455871582031e+00
1.214101195335388184e+00
1.209993362426757812e+00
1.224218845367431641e+00
1.234922885894775391e+00
1.228632807731628418e+00
1.266407728195190430e+00
1.260102629661560059e+00
1.285143733024597168e+00
1.296456098556518555e+00
1.303940296173095703e+00
1.305916905403137207e+00
1.301436185836791992e+00
1.297019481658935547e+00
1.298792004585266113e+00
1.298053026199340820e+00
1.312315940856933594e+00
1.319927811622619629e+00
1.324168801307678223e+00
1.321211099624633789e+00
1.314578890800476074e+00
1.317754983901977539e+00
1.308564186096191406e+00
1.308995366096496582e+00
1.307128310203552246e+00
1.306477308273315430e+00
1.299047708511352539e+00
1.295526623725891113e+00
1.274533748626708984e+00
1.275641798973083496e+00
1.243485093116760254e+00
1.252065300941467285e+00
1.247613787651062012e+00
1.252894997596740723e+00
1.250912904739379883e+00
1.267320156097412109e+00
1.275839686393737793e+00
1.265447974205017090e+00
1.279748797416687012e+00
1.285293221473693848e+00
1.289772987365722656e+00
1.278286695480346680e+00
1.278573751449584961e+00
1.267533779144287109e+00
1.250488758087158203e+00
1.240763187408447266e+00
1.235503196716308594e+00
1.235368371009826660e+00
1.228032588958740234e+00
1.227647900581359863e+00
1.230569958686828613e+00
1.217727780342102051e+00
1.211622118949890137e+00
1.195564627647399902e+00
1.176381945610046387e+00
1.181214928627014160e+00
1.140496134757995605e+00
1.128858327865600586e+00
1.099802374839782715e+00
1.085221052169799805e+00
1.066484570503234863e+00
1.053839564323425293e+00
1.065201759338378906e+00
1.056392073631286621e+00
1.061845541000366211e+00
1.051807165145874023e+00
1.045027613639831543e+00
1.028429985046386719e+00
1.017756223678588867e+00
1.012373924255371094e+00
1.020152449607849121e+00
1.022325873374938965e+00
1.020653486251831055e+00
1.016227722167968750e+00
1.018325209617614746e+00
1.020454287528991699e+00
1.031852722167968750e+00
1.033867001533508301e+00
1.030899167060852051e+00
1.052423000335693359e+00
1.062139511108398438e+00
1.044298887252807617e+00
1.054916262626647949e+00
1.038207769393920898e+00
1.033443212509155273e+00
1.030789852142333984e+00
1.020561337471008301e+00
1.032112717628479004e+00
1.011322975158691406e+00
1.021000862121582031e+00
1.018075704574584961e+00
1.065135002136230469e+00
1.072231531143188477e+00
1.077762484550476074e+00
1.080995440483093262e+00
1.079702734947204590e+00
1.093020558357238770e+00
1.099457383155822754e+00
1.101369380950927734e+00
1.093048453330993652e+00
1.087102055549621582e+00
1.083681941032409668e+00
1.087024331092834473e+00
1.087907433509826660e+00
1.087115526199340820e+00
1.080996990203857422e+00
1.084199070930480957e+00
1.100972652435302734e+00
1.092198729515075684e+00
1.092520952224731445e+00
1.106057763099670410e+00
1.117026805877685547e+00
1.115985631942749023e+00
1.117683649063110352e+00
1.106518507003784180e+00
1.112262845039367676e+00
1.108340859413146973e+00
1.107908129692077637e+00
1.121464014053344727e+00
1.202508568763732910e+00
1.197716236114501953e+00
1.189092278480529785e+00
1.190152525901794434e+00
1.185692191123962402e+00
1.203101992607116699e+00
1.204761862754821777e+00
1.198865532875061035e+00
1.199384331703186035e+00
1.209844827651977539e+00
1.192346334457397461e+00
1.182929158210754395e+00
1.196328163146972656e+00
1.174426913261413574e+00
1.189518451690673828e+00
1.182585716247558594e+00
1.163712859153747559e+00
1.162857294082641602e+00
1.153355836868286133e+00
1.159220933914184570e+00
1.148041486740112305e+00
1.141681432723999023e+00
1.098080515861511230e+00
1.085810422897338867e+00
1.104477763175964355e+00
1.098710417747497559e+00
1.107632398605346680e+00
1.094071984291076660e+00
1.099002122879028320e+00
1.108446598052978516e+00
1.134335041046142578e+00
1.142826795578002930e+00
1.139279007911682129e+00
1.141291379928588867e+00
1.137939214706420898e+00
1.138198971748352051e+00
1.137081623077392578e+00
1.137986063957214355e+00
1.145493030548095703e+00
1.148811101913452148e+00
1.148060917854309082e+00
1.138863682746887207e+00
1.156643033027648926e+00
1.147671103477478027e+00
1.146700382232666016e+00
1.152341961860656738e+00
1.146403908729553223e+00
1.138527750968933105e+00
1.148895382881164551e+00
1.143366694450378418e+00
1.070191979408264160e+00
1.077570915222167969e+00
1.079142570495605469e+00
1.077187538146972656e+00
1.081260442733764648e+00
1.063209533691406250e+00
1.057287454605102539e+00
1.052374005317687988e+00
1.045932292938232422e+00
1.041136264801025391e+00
1.036686897277832031e+00
1.054973602294921875e+00
1.047479152679443359e+00
1.062397122383117676e+00
1.053455471992492676e+00
1.057624101638793945e+00
1.077165961265563965e+00
1.072818040847778320e+00
1.092411756515502930e+00
1.082108616828918457e+00
1.079395055770874023e+00
1.087147116661071777e+00
1.084230780601501465e+00
1.100738048553466797e+00
1.081869840621948242e+00
1.085191726684570312e+00
1.076238155364990234e+00
1.074069499969482422e+00
1.062659859657287598e+00
1.053024649620056152e+00
1.029345035552978516e+00
1.024381637573242188e+00
1.021182179450988770e+00
1.020850419998168945e+00
1.028374075889587402e+00
1.036647915840148926e+00
1.035500288009643555e+00
1.041617989540100098e+00
1.031831860542297363e+00
1.041095733642578125e+00
1.038961172103881836e+00
1.043075442314147949e+00
1.013149142265319824e+00
1.016505718231201172e+00
1.007632255554199219e+00
1.008455157279968262e+00
1.020232796669006348e+00
1.024779796600341797e+00
1.011583328247070312e+00
1.008394956588745117e+00
9.980206489562988281e-01
9.877520203590393066e-01
9.986819624900817871e-01
9.988127350807189941e-01
9.973123073577880859e-01
1.000246524810791016e+00
1.003868103027343750e+00
1.000912070274353027e+00
1.006636023521423340e+00
1.015964031219482422e+00
1.010773658752441406e+00
9.915763735771179199e-01
1.000145673751831055e+00
9.929003715515136719e-01
9.998812675476074219e-01
9.970364570617675781e-01
9.905139207839965820e-01
9.836188554763793945e-01
9.592473506927490234e-01
9.698516130447387695e-01
9.720273017883300781e-01
9.757507443428039551e-01
9.842007160186767578e-01
9.776227474212646484e-01
9.743900299072265625e-01
9.898027181625366211e-01
9.991444945335388184e-01
1.003940582275390625e+00
1.002776741981506348e+00
1.014979958534240723e+00
1.012216210365295410e+00
1.011511325836181641e+00
1.021299362182617188e+00
1.018310666084289551e+00
1.003786683082580566e+00
9.988403916358947754e-01
1.002671837806701660e+00
9.981534481048583984e-01
9.906938672065734863e-01
9.875706434249877930e-01
9.950232505798339844e-01
9.980887770652770996e-01
1.007140636444091797e+00
9.990730881690979004e-01
1.007961392402648926e+00
9.954329133033752441e-01
9.919038414955139160e-01
9.922247529029846191e-01
9.980826377868652344e-01
1.008891701698303223e+00
1.006205201148986816e+00
1.006930708885192871e+00
9.968269467353820801e-01
9.945539832115173340e-01
9.943522810935974121e-01
9.935436248779296875e-01
1.013108134269714355e+00
1.013650894165039062e+00
1.020437240600585938e+00
1.004146456718444824e+00
9.991575479507446289e-01
1.020510196685791016e+00
1.020363450050354004e+00
1.014782190322875977e+00
1.009527087211608887e+00
1.020788669586181641e+00
1.021689176559448242e+00
1.023978590965270996e+00
1.022688031196594238e+00
1.020910382270812988e+00
1.014494895935058594e+00
1.020040631294250488e+00
1.014726758003234863e+00
1.009297966957092285e+00
1.013962507247924805e+00
9.940748810768127441e-01
9.844260215759277344e-01
9.885950684547424316e-01
9.935950636863708496e-01
9.831268191337585449e-01
9.929927587509155273e-01
9.905107021331787109e-01
9.742162227630615234e-01
9.753766655921936035e-01
9.872578382492065430e-01
9.820407629013061523e-01
9.955632686614990234e-01
1.005929350852966309e+00
1.004729747772216797e+00
1.001179933547973633e+00
1.005277156829833984e+00
1.010533571243286133e+00
1.011287927627563477e+00
1.012956023216247559e+00
1.017320036888122559e+00
1.027038455009460449e+00
1.022825360298156738e+00
1.020101904869079590e+00
1.018577694892883301e+00
1.012237668037414551e+00
1.026844978332519531e+00
1.030956387519836426e+00
1.037908196449279785e+00
1.037727594375610352e+00
1.041466116905212402e+00
1.045538902282714844e+00
1.030372738838195801e+00
1.061663150787353516e+00
1.052689909934997559e+00
1.052260160446166992e+00
1.056137800216674805e+00
1.035295128822326660e+00
1.028827667236328125e+00
1.044399380683898926e+00
1.047970414161682129e+00
1.040853857994079590e+00
1.041484355926513672e+00
1.042274713516235352e+00
1.071732163429260254e+00
1.068918228149414062e+00
1.069536328315734863e+00
1.066185832023620605e+00
1.072852492332458496e+00
1.076067328453063965e+00
1.067331671714782715e+00
1.081327080726623535e+00
1.087292671203613281e+00
1.088006138801574707e+00
1.086769938468933105e+00
1.092206120491027832e+00
1.084697365760803223e+00
1.081556081771850586e+00
1.097324252128601074e+00
1.100126385688781738e+00
1.119873166084289551e+00
1.130531668663024902e+00
1.112484097480773926e+00
1.103904008865356445e+00
1.100269913673400879e+00
1.105191826820373535e+00
1.102431535720825195e+00
1.088034987449645996e+00
1.082589745521545410e+00
1.089553952217102051e+00
1.087178945541381836e+00
1.084701180458068848e+00
1.088578939437866211e+00
1.095828890800476074e+00
1.109215497970581055e+00
1.108870506286621094e+00
1.105383276939392090e+00
1.097164034843444824e+00
1.090339541435241699e+00
1.094965338706970215e+00
1.100690484046936035e+00
1.094447851181030273e+00
1.093143105506896973e+00
1.085029482841491699e+00
1.099023699760437012e+00
1.101445436477661133e+00
1.102338671684265137e+00
1.104866147041320801e+00
1.107737541198730469e+00
1.108822345733642578e+00
1.121079087257385254e+00
1.117560148239135742e+00
1.118213057518005371e+00
1.119335889816284180e+00
1.095740079879760742e+00
1.103491187095642090e+00
1.103890895843505859e+00
1.098444938659667969e+00
1.096494555473327637e+00
1.124681711196899414e+00
1.116704583168029785e+00
1.110324382781982422e+00
1.116224288940429688e+00
1.117285013198852539e+00
1.113802433013916016e+00
1.116465806961059570e+00
1.125603079795837402e+00
1.131969928741455078e+00
1.132471561431884766e+00
1.145756125450134277e+00
1.129169821739196777e+00
1.120738387107849121e+00
1.118245124816894531e+00
1.116274952888488770e+00
1.121047019958496094e+00
1.112167000770568848e+00
1.129413723945617676e+00
1.134909987449645996e+00
1.136538743972778320e+00
1.133021950721740723e+00
1.133958220481872559e+00
1.144627451896667480e+00
1.143345236778259277e+00
1.138406038284301758e+00
1.121018886566162109e+00
1.116578578948974609e+00
1.113279819488525391e+00
1.117431879043579102e+00
1.111618638038635254e+00
1.122946858406066895e+00
1.120156049728393555e+00
1.128153204917907715e+00
1.140692234039306641e+00
1.122965097427368164e+00
1.108374834060668945e+00
1.115670680999755859e+00
1.116464972496032715e+00
1.110922217369079590e+00
1.108457803726196289e+00
1.090921640396118164e+00
1.112164258956909180e+00
1.114340543746948242e+00
1.105581998825073242e+00
1.114900469779968262e+00
1.120265841484069824e+00
1.112383842468261719e+00
1.109995245933532715e+00
1.102664113044738770e+00
1.096568107604980469e+00
1.070989370346069336e+00
1.084966421127319336e+00
1.080884575843811035e+00
1.066868662834167480e+00
1.057934284210205078e+00
1.063187241554260254e+00
1.070231676101684570e+00
1.058039903640747070e+00
1.055788516998291016e+00
1.049802899360656738e+00
1.028984785079956055e+00
1.025083065032958984e+00
1.022889852523803711e+00
1.030784368515014648e+00
1.031049609184265137e+00
1.023473620414733887e+00
1.025163650512695312e+00
9.975792765617370605e-01
9.903997778892517090e-01
9.954962730407714844e-01
1.000439763069152832e+00
9.962695837020874023e-01
9.958927631378173828e-01
1.003784894943237305e+00
9.959684610366821289e-01
9.976670742034912109e-01
9.964380860328674316e-01
9.926680922508239746e-01
9.919784069061279297e-01
1.011803627014160156e+00
9.986635446548461914e-01
1.002604484558105469e+00
9.984073042869567871e-01
9.841159582138061523e-01
9.848390221595764160e-01
9.911120533943176270e-01
nan
nan
nan
nan
nan
nan
nan
nan
nan
nan
nan
nan
nan
nan
nan
nan
nan
nan
nan
nan
nan
nan
nan
nan
nan
nan
nan
nan
nan
nan
nan
nan
nan
nan
nan
nan
nan
nan
nan
nan
nan
nan
nan
nan
nan
nan
nan
nan
nan
nan
1.107815146446228027e+00
1.098217844963073730e+00
1.049304604530334473e+00
1.036670804023742676e+00
1.036687493324279785e+00
1.037200808525085449e+00
1.048169970512390137e+00
1.048550367355346680e+00
1.044533848762512207e+00
1.056258440017700195e+00
1.052054643630981445e+00
nan
nan
nan
nan
nan
nan
nan
nan
nan
nan
nan
nan
nan
nan
nan
nan
nan
nan
nan
nan
nan
nan
nan
nan
nan
nan
nan
nan
nan
nan
nan
nan
nan
nan
nan
nan
nan
nan
nan
nan
nan
nan
nan
nan
nan
nan
nan
nan
nan
nan
1.060664176940917969e+00
1.065526247024536133e+00
1.096713542938232422e+00
1.102208137512207031e+00
1.103953242301940918e+00
1.097012639045715332e+00
1.100212097167968750e+00
1.100431442260742188e+00
1.098263859748840332e+00
1.092178106307983398e+00
1.083510875701904297e+00
1.086121916770935059e+00
1.093327522277832031e+00
1.087457060813903809e+00
1.089599370956420898e+00
1.101607322692871094e+00
1.088691830635070801e+00
1.075413703918457031e+00
1.081964015960693359e+00
1.080092906951904297e+00
1.088981270790100098e+00
1.102746129035949707e+00
1.074195861816406250e+00
1.076537728309631348e+00
1.085904359817504883e+00
1.102948188781738281e+00
1.093888401985168457e+00
1.106935143470764160e+00
1.117514729499816895e+00
1.113764882087707520e+00
1.119734287261962891e+00
1.121727347373962402e+00
1.119501471519470215e+00
1.135196447372436523e+00
1.120706558227539062e+00
1.132657766342163086e+00
1.122461557388305664e+00
1.087671637535095215e+00
1.095039725303649902e+00
1.091027736663818359e+00
1.098275184631347656e+00
1.102343559265136719e+00
1.095046758651733398e+00
1.146698117256164551e+00
1.144584655761718750e+00
1.138666152954101562e+00
1.135663032531738281e+00
1.147479057312011719e+00
1.146995425224304199e+00
1.143606901168823242e+00
1.138718008995056152e+00
1.140427708625793457e+00
1.112692117691040039e+00
1.107946276664733887e+00
1.112144231796264648e+00
1.134014844894409180e+00
1.129939317703247070e+00
1.122885942459106445e+00
1.122633218765258789e+00
1.138133049011230469e+00
1.167808175086975098e+00
1.164628267288208008e+00
1.157132148742675781e+00
1.149306178092956543e+00
1.142444372177124023e+00
1.127187132835388184e+00
1.138577103614807129e+00
1.131816744804382324e+00
1.133700966835021973e+00
1.124997377395629883e+00
1.125014543533325195e+00
1.131943702697753906e+00
1.131919503211975098e+00
1.129016041755676270e+00
1.123211979866027832e+00
1.117562532424926758e+00
1.137407183647155762e+00
1.137825369834899902e+00
1.132945299148559570e+00
1.121562600135803223e+00
1.122845888137817383e+00
1.134824395179748535e+00
1.141130805015563965e+00
1.130338191986083984e+00
1.135987520217895508e+00
1.135959744453430176e+00
1.144288539886474609e+00
1.151059389114379883e+00
1.143959164619445801e+00
1.152297735214233398e+00
1.148723959922790527e+00
1.136575937271118164e+00
1.144746780395507812e+00
1.091945767402648926e+00
1.090504646301269531e+00
1.105577945709228516e+00
1.103391170501708984e+00
1.091612696647644043e+00
1.101424694061279297e+00
1.108606934547424316e+00
1.111348628997802734e+00
1.099420666694641113e+00
1.102404356002807617e+00
1.091496229171752930e+00
1.102124691009521484e+00
1.082677483558654785e+00
1.079911708831787109e+00
1.086827397346496582e+00
1.082767963409423828e+00
1.083486795425415039e+00
1.074064731597900391e+00
1.085783720016479492e+00
1.086808323860168457e+00
1.088127732276916504e+00
1.095955491065979004e+00
1.101356983184814453e+00
1.092672467231750488e+00
1.092216372489929199e+00
1.088987588882446289e+00
1.090913772583007812e+00
1.090476632118225098e+00
1.069593548774719238e+00
1.065087795257568359e+00
1.071799516677856445e+00
1.086805701255798340e+00
1.091407418251037598e+00
1.075207114219665527e+00
1.070762395858764648e+00
1.074365139007568359e+00
1.080361843109130859e+00
1.076433539390563965e+00
1.068793058395385742e+00
1.070775151252746582e+00
1.074954867362976074e+00
1.084874749183654785e+00
1.086144924163818359e+00
1.079846024513244629e+00
1.079709291458129883e+00
1.090227365493774414e+00
1.084455966949462891e+00
1.084806680679321289e+00
1.096930027008056641e+00
1.104765176773071289e+00
1.109081983566284180e+00
1.110088586807250977e+00
1.095646858215332031e+00
1.085088133811950684e+00
1.085173130035400391e+00
1.105867743492126465e+00
1.102232456207275391e+00
1.096668958663940430e+00
1.100833177566528320e+00
1.091495156288146973e+00
1.109267830848693848e+00
1.106450080871582031e+00
1.117795467376708984e+00
1.114034175872802734e+00
1.121558785438537598e+00
1.133481979370117188e+00
1.128759622573852539e+00
1.129650592803955078e+00
1.110337853431701660e+00
1.126881361007690430e+00
1.130126237869262695e+00
1.143609762191772461e+00
1.149864196777343750e+00
1.148767471313476562e+00
1.148912906646728516e+00
1.142748236656188965e+00
1.161433815956115723e+00
1.157914400100708008e+00
1.151277661323547363e+00
1.165177345275878906e+00
1.165638923645019531e+00
1.145563602447509766e+00
1.129821658134460449e+00
1.130713939666748047e+00
1.137714743614196777e+00
1.131211161613464355e+00
1.130470156669616699e+00
1.138277530670166016e+00
1.134529232978820801e+00
1.138134360313415527e+00
1.136132359504699707e+00
1.123976469039916992e+00
1.120793104171752930e+00
1.131318926811218262e+00
1.149183392524719238e+00
1.148386359214782715e+00
1.149495720863342285e+00
1.147038102149963379e+00
1.137351512908935547e+00
1.138113737106323242e+00
1.134128451347351074e+00
1.136282920837402344e+00
1.151348948478698730e+00
1.168946862220764160e+00
1.163303017616271973e+00
1.201191902160644531e+00
1.210009336471557617e+00
1.234593868255615234e+00
1.232877850532531738e+00
1.239750623703002930e+00
1.307305335998535156e+00
1.306393265724182129e+00
1.298945784568786621e+00
1.321189284324645996e+00
1.322967529296875000e+00
1.310655832290649414e+00
1.303463101387023926e+00
1.291141390800476074e+00
1.305290222167968750e+00
1.300994515419006348e+00
1.308428645133972168e+00
1.290463209152221680e+00
