1.893711404019074174e-01
3.244462404277578815e-01
3.287698158546022431e-01
3.695697364492303016e-01
3.982075931660979951e-01
3.774574350471989193e-01
3.969581187699836589e-01
3.842361293935788735e-01
4.106961308544719857e-01
3.849834155362917287e-01
3.989486570423053657e-01
3.794364954241536969e-01
3.991252252140171652e-01
4.176132187484944414e-01
4.087547049075735406e-01
4.001670746130563949e-01
3.992001861956135378e-01
3.931948580305217877e-01
4.078629763886896242e-01
4.343440909945594508e-01
4.057850570240814081e-01
4.108125017999986750e-01
3.700198481096826364e-01
4.191396208275326440e-01
3.958887304552575204e-01
3.905696008132230612e-01
4.077696941979275791e-01
3.938953633719417535e-01
4.046032575768276907e-01
4.129612801455618265e-01
3.945049716703785125e-01
