1.508362770080566406e+00
1.495368361473083496e+00
1.479870438575744629e+00
1.480863451957702637e+00
1.462630629539489746e+00
1.460352420806884766e+00
1.452650189399719238e+00
1.451195716857910156e+00
1.442150115966796875e+00
1.428876996040344238e+00
1.420175790786743164e+00
1.425450563430786133e+00
1.423070669174194336e+00
1.412963390350341797e+00
1.422985196113586426e+00
1.423662662506103516e+00
1.429988503456115723e+00
1.451180577278137207e+00
1.437409996986389160e+00
1.442331075668334961e+00
1.436762809753417969e+00
1.440456032752990723e+00
1.427076101303100586e+00
1.426074385643005371e+00
1.435019731521606445e+00
1.427477598190307617e+00
1.411828517913818359e+00
1.413359522819519043e+00
1.415470242500305176e+00
1.419891238212585449e+00
1.418711543083190918e+00
1.415264487266540527e+00
1.426071286201477051e+00
1.422192811965942383e+00
1.425086498260498047e+00
1.425762772560119629e+00
1.418553471565246582e+00
1.419870495796203613e+00
1.417314887046813965e+00
1.428485751152038574e+00
1.443398714065551758e+00
1.434433102607727051e+00
1.439966440200805664e+00
1.446003437042236328e+00
1.439965844154357910e+00
1.453542828559875488e+00
1.447071075439453125e+00
1.442805647850036621e+00
1.436805009841918945e+00
1.447581648826599121e+00
1.440098762512207031e+00
1.444825172424316406e+00
1.456521153450012207e+00
nan
nan
nan
nan
nan
nan
nan
nan
nan
nan
nan
nan
nan
nan
nan
nan
nan
nan
nan
nan
nan
nan
nan
nan
nan
nan
nan
nan
nan
nan
nan
nan
nan
nan
nan
nan
nan
nan
nan
nan
nan
nan
nan
nan
nan
nan
nan
nan
nan
nan
1.355468273162841797e+00
1.348648548126220703e+00
1.348217606544494629e+00
1.350781202316284180e+00
1.357492208480834961e+00
1.365072727203369141e+00
1.366794586181640625e+00
1.374020099639892578e+00
1.369095921516418457e+00
1.367835879325866699e+00
1.373260617256164551e+00
1.368428945541381836e+00
1.357757449150085449e+00
1.339706778526306152e+00
1.342951774597167969e+00
1.339601993560791016e+00
1.328076958656311035e+00
1.321303248405456543e+00
1.316351413726806641e+00
1.315233588218688965e+00
1.322759270668029785e+00
1.329997301101684570e+00
1.327916979789733887e+00
1.320279836654663086e+00
1.325413227081298828e+00
1.337381005287170410e+00
1.332853674888610840e+00
1.332351207733154297e+00
1.335266590118408203e+00
1.322948813438415527e+00
1.324578762054443359e+00
1.324895381927490234e+00
1.321309089660644531e+00
1.330216407775878906e+00
1.330739736557006836e+00
1.335715651512145996e+00
1.340914964675903320e+00
1.339782238006591797e+00
1.346004486083984375e+00
1.346966266632080078e+00
1.350607752799987793e+00
1.351137995719909668e+00
1.339120388031005859e+00
1.355331540107727051e+00
1.348616361618041992e+00
1.350276827812194824e+00
1.353893756866455078e+00
1.354058504104614258e+00
1.355216503143310547e+00
1.354317069053649902e+00
1.372466921806335449e+00
1.379130244255065918e+00
1.377437472343444824e+00
1.386753082275390625e+00
1.382612943649291992e+00
1.379204154014587402e+00
1.386621117591857910e+00
1.384217500686645508e+00
1.386025905609130859e+00
1.385920286178588867e+00
1.380778789520263672e+00
1.387848615646362305e+00
1.394752979278564453e+00
1.391653895378112793e+00
1.398418784141540527e+00
1.410371422767639160e+00
1.420953512191772461e+00
1.426260709762573242e+00
1.437747955322265625e+00
1.442125797271728516e+00
1.431459665298461914e+00
1.441842913627624512e+00
1.447032332420349121e+00
1.455316185951232910e+00
1.456665039062500000e+00
1.440757036209106445e+00
1.442697167396545410e+00
1.449189305305480957e+00
1.441953420639038086e+00
1.458354592323303223e+00
1.458837985992431641e+00
1.456510663032531738e+00
1.456663489341735840e+00
1.459253668785095215e+00
1.457475543022155762e+00
1.452505230903625488e+00
1.450884580612182617e+00
1.449494600296020508e+00
1.439920663833618164e+00
1.434734821319580078e+00
1.437303423881530762e+00
1.444689273834228516e+00
1.463886857032775879e+00
1.455702185630798340e+00
1.465798616409301758e+00
1.463048219680786133e+00
1.468258857727050781e+00
1.474478125572204590e+00
1.476594805717468262e+00
1.485157012939453125e+00
1.470125913619995117e+00
1.467289924621582031e+00
1.463283061981201172e+00
1.462218046188354492e+00
1.461688280105590820e+00
1.471000075340270996e+00
1.465649247169494629e+00
1.484421491622924805e+00
1.484902620315551758e+00
1.497983813285827637e+00
1.497175693511962891e+00
1.503833293914794922e+00
1.519736647605895996e+00
1.524827599525451660e+00
1.523120760917663574e+00
1.523931384086608887e+00
1.519277095794677734e+00
1.518930673599243164e+00
1.522598743438720703e+00
1.523406624794006348e+00
1.527437925338745117e+00
1.513736844062805176e+00
1.515024065971374512e+00
1.512548327445983887e+00
1.503313183784484863e+00
1.504215598106384277e+00
1.506754755973815918e+00
1.498251914978027344e+00
1.499491095542907715e+00
1.492213249206542969e+00
1.498159885406494141e+00
1.506197690963745117e+00
1.511649012565612793e+00
1.509800314903259277e+00
1.515778303146362305e+00
1.507997035980224609e+00
1.501884341239929199e+00
1.503879904747009277e+00
1.510584354400634766e+00
1.512156724929809570e+00
1.515788078308105469e+00
1.507851719856262207e+00
1.497645854949951172e+00
1.486788034439086914e+00
1.500509977340698242e+00
1.510630846023559570e+00
1.507590055465698242e+00
1.508432269096374512e+00
1.512592315673828125e+00
1.514364123344421387e+00
1.512443661689758301e+00
1.515084505081176758e+00
1.515337824821472168e+00
1.507251739501953125e+00
1.508089184761047363e+00
1.499855637550354004e+00
1.500152230262756348e+00
1.483728766441345215e+00
1.476045370101928711e+00
1.462775707244873047e+00
1.467161059379577637e+00
1.463185071945190430e+00
1.447015404701232910e+00
1.446832418441772461e+00
1.435556173324584961e+00
1.432640790939331055e+00
1.430750250816345215e+00
1.432127356529235840e+00
1.429824829101562500e+00
1.426631450653076172e+00
1.430652976036071777e+00
1.436596989631652832e+00
1.433567762374877930e+00
1.429031968116760254e+00
1.427163362503051758e+00
1.427971959114074707e+00
1.420274257659912109e+00
1.428390026092529297e+00
1.426112532615661621e+00
1.422197699546813965e+00
1.418809175491333008e+00
1.421140313148498535e+00
1.421590089797973633e+00
1.427271723747253418e+00
1.425336480140686035e+00
1.431544899940490723e+00
1.442638993263244629e+00
1.440190076828002930e+00
1.434029221534729004e+00
1.439760684967041016e+00
1.426748156547546387e+00
1.434442877769470215e+00
1.426425457000732422e+00
1.426071882247924805e+00
1.405560493469238281e+00
1.410522818565368652e+00
1.413253426551818848e+00
1.406882762908935547e+00
1.406289935111999512e+00
1.408247709274291992e+00
1.416331052780151367e+00
1.412316322326660156e+00
1.424310564994812012e+00
1.418531537055969238e+00
1.413976430892944336e+00
1.412046790122985840e+00
1.410490989685058594e+00
1.416461348533630371e+00
1.423434495925903320e+00
1.425539374351501465e+00
1.423702955245971680e+00
1.427510499954223633e+00
1.427564501762390137e+00
1.426260709762573242e+00
1.438334822654724121e+00
1.436031222343444824e+00
1.443986415863037109e+00
1.453254103660583496e+00
1.447676062583923340e+00
1.441107511520385742e+00
1.440777897834777832e+00
1.437071084976196289e+00
1.439812183380126953e+00
1.435262918472290039e+00
1.447145342826843262e+00
1.449218869209289551e+00
1.446410655975341797e+00
1.443410754203796387e+00
1.451488852500915527e+00
1.458557128906250000e+00
1.459109306335449219e+00
1.451162219047546387e+00
1.446126103401184082e+00
1.436209559440612793e+00
1.432613968849182129e+00
1.443376898765563965e+00
1.439431786537170410e+00
1.443871736526489258e+00
1.439541459083557129e+00
1.432673454284667969e+00
1.444814801216125488e+00
1.432693481445312500e+00
1.434635043144226074e+00
1.445983767509460449e+00
1.447046160697937012e+00
1.437480568885803223e+00
1.445261955261230469e+00
1.451205730438232422e+00
1.446779608726501465e+00
1.440956711769104004e+00
1.435170650482177734e+00
1.436970710754394531e+00
1.422755122184753418e+00
1.435037255287170410e+00
1.433336734771728516e+00
1.432124018669128418e+00
1.429328322410583496e+00
1.426002383232116699e+00
1.422061204910278320e+00
1.415989995002746582e+00
1.420721769332885742e+00
1.409040093421936035e+00
1.404345989227294922e+00
1.402821660041809082e+00
1.398056626319885254e+00
1.399234056472778320e+00
1.384211301803588867e+00
1.379507780075073242e+00
1.385631442070007324e+00
1.384242653846740723e+00
1.383519172668457031e+00
1.391706824302673340e+00
1.388550877571105957e+00
1.396645665168762207e+00
1.404905080795288086e+00
1.407089591026306152e+00
1.413106679916381836e+00
1.408889174461364746e+00
1.414136052131652832e+00
1.408880949020385742e+00
1.404977679252624512e+00
1.423684597015380859e+00
1.427489519119262695e+00
1.436397910118103027e+00
1.441430330276489258e+00
1.434630274772644043e+00
1.430699825286865234e+00
1.416738033294677734e+00
1.422653198242187500e+00
1.426844596862792969e+00
1.430342555046081543e+00
1.439071178436279297e+00
1.441401839256286621e+00
1.451351523399353027e+00
1.454404711723327637e+00
1.454878211021423340e+00
1.441519618034362793e+00
1.444568753242492676e+00
1.448023796081542969e+00
1.443208813667297363e+00
1.441546797752380371e+00
1.444788217544555664e+00
1.448467969894409180e+00
1.440694093704223633e+00
1.452699780464172363e+00
1.460117816925048828e+00
1.468369245529174805e+00
1.465605020523071289e+00
1.465209364891052246e+00
1.475290060043334961e+00
1.474254131317138672e+00
1.477403163909912109e+00
1.479614615440368652e+00
1.478615880012512207e+00
1.481666922569274902e+00
1.469575047492980957e+00
1.482786059379577637e+00
1.485674262046813965e+00
1.484917759895324707e+00
1.476435184478759766e+00
1.474098801612854004e+00
1.467765688896179199e+00
1.461241722106933594e+00
1.450870990753173828e+00
1.445245265960693359e+00
1.455038547515869141e+00
1.459989786148071289e+00
1.466291069984436035e+00
1.466631770133972168e+00
1.478235125541687012e+00
1.478255510330200195e+00
1.463110923767089844e+00
1.456436276435852051e+00
1.455144047737121582e+00
1.456098318099975586e+00
1.456618547439575195e+00
1.460710644721984863e+00
1.471891760826110840e+00
1.472015976905822754e+00
1.475301623344421387e+00
1.474436640739440918e+00
1.472211956977844238e+00
1.468586683273315430e+00
1.462400794029235840e+00
1.455011248588562012e+00
1.454181790351867676e+00
1.458098411560058594e+00
1.448041081428527832e+00
1.451636075973510742e+00
1.453546285629272461e+00
1.443209052085876465e+00
1.446133017539978027e+00
1.456260323524475098e+00
1.453957557678222656e+00
1.457230687141418457e+00
1.464070796966552734e+00
1.464833021163940430e+00
1.458304166793823242e+00
1.457353234291076660e+00
1.451482534408569336e+00
1.441312313079833984e+00
nan
nan
nan
nan
nan
nan
nan
nan
nan
nan
nan
nan
nan
nan
nan
nan
nan
nan
nan
nan
nan
nan
nan
nan
nan
nan
nan
nan
nan
nan
nan
nan
nan
nan
nan
nan
nan
nan
nan
nan
nan
nan
nan
nan
nan
nan
nan
nan
nan
nan
1.496736288070678711e+00
1.499474287033081055e+00
1.506266951560974121e+00
1.502337694168090820e+00
1.506508231163024902e+00
1.495486140251159668e+00
1.493022799491882324e+00
1.503162503242492676e+00
1.500213027000427246e+00
1.500202894210815430e+00
1.510610818862915039e+00
1.497064948081970215e+00
1.489862799644470215e+00
1.491762995719909668e+00
1.501769661903381348e+00
1.495476484298706055e+00
1.485845088958740234e+00
1.482017397880554199e+00
1.476022243499755859e+00
1.473893165588378906e+00
1.477559089660644531e+00
1.469456672668457031e+00
1.451450347900390625e+00
1.463351726531982422e+00
1.470314979553222656e+00
1.468241572380065918e+00
1.468766808509826660e+00
1.441910266876220703e+00
1.429138541221618652e+00
1.428449153900146484e+00
1.434565544128417969e+00
1.428839087486267090e+00
1.431553006172180176e+00
1.417989015579223633e+00
1.417529702186584473e+00
1.416996121406555176e+00
1.428968310356140137e+00
1.420316219329833984e+00
1.421946287155151367e+00
1.426278829574584961e+00
1.429315328598022461e+00
1.423033595085144043e+00
1.416928410530090332e+00
1.419781088829040527e+00
1.429920315742492676e+00
1.431603670120239258e+00
1.434868931770324707e+00
1.437034726142883301e+00
1.414234519004821777e+00
1.416422843933105469e+00
1.424676775932312012e+00
1.420145392417907715e+00
1.413734555244445801e+00
1.419502973556518555e+00
1.422140955924987793e+00
1.420661330223083496e+00
1.426369786262512207e+00
1.414015173912048340e+00
1.417387485504150391e+00
1.415497779846191406e+00
1.403182506561279297e+00
1.401862978935241699e+00
1.425933837890625000e+00
1.428580760955810547e+00
1.429805397987365723e+00
1.439409017562866211e+00
1.444694638252258301e+00
1.445909738540649414e+00
1.450628995895385742e+00
1.451941847801208496e+00
1.448469877243041992e+00
1.455232501029968262e+00
1.446158647537231445e+00
1.443983197212219238e+00
1.441046237945556641e+00
1.451025366783142090e+00
1.445943713188171387e+00
1.456115603446960449e+00
1.478749036788940430e+00
1.476199746131896973e+00
1.486307978630065918e+00
1.488660335540771484e+00
1.486011028289794922e+00
1.498554348945617676e+00
1.506416201591491699e+00
1.502046346664428711e+00
1.492918848991394043e+00
1.505597710609436035e+00
1.507181048393249512e+00
1.520829677581787109e+00
1.513270616531372070e+00
1.522008657455444336e+00
1.531415820121765137e+00
1.529326915740966797e+00
1.536047697067260742e+00
1.548123121261596680e+00
1.549670100212097168e+00
1.554187417030334473e+00
1.553242802619934082e+00
1.551937580108642578e+00
1.549633145332336426e+00
1.561101078987121582e+00
1.559127211570739746e+00
1.558940291404724121e+00
1.550709724426269531e+00
1.559336543083190918e+00
1.558139324188232422e+00
1.563481569290161133e+00
1.565534114837646484e+00
1.573647975921630859e+00
1.574674963951110840e+00
1.583176255226135254e+00
1.570825934410095215e+00
1.584313035011291504e+00
1.580281853675842285e+00
1.588192462921142578e+00
1.583205819129943848e+00
1.583650231361389160e+00
1.589962720870971680e+00
1.592086791992187500e+00
1.608812808990478516e+00
1.608152031898498535e+00
1.627105593681335449e+00
1.627820491790771484e+00
1.617239356040954590e+00
1.606038928031921387e+00
1.602607369422912598e+00
1.603604435920715332e+00
1.581782341003417969e+00
1.592549324035644531e+00
1.576596260070800781e+00
1.582357883453369141e+00
1.605344057083129883e+00
1.605947613716125488e+00
1.600549459457397461e+00
1.591716408729553223e+00
1.591555833816528320e+00
1.585085868835449219e+00
1.581136584281921387e+00
1.581405043601989746e+00
1.579402208328247070e+00
1.584786176681518555e+00
1.605767369270324707e+00
1.600311994552612305e+00
1.598535895347595215e+00
1.602374076843261719e+00
1.600142359733581543e+00
1.588735342025756836e+00
1.592247962951660156e+00
1.595482826232910156e+00
1.597017765045166016e+00
1.575133562088012695e+00
1.589250326156616211e+00
1.583920598030090332e+00
1.577477216720581055e+00
1.586274743080139160e+00
1.597484111785888672e+00
1.600371837615966797e+00
1.595204949378967285e+00
1.597429513931274414e+00
1.594337105751037598e+00
1.598975062370300293e+00
1.597854137420654297e+00
1.592207431793212891e+00
1.583301544189453125e+00
1.567983984947204590e+00
1.556274414062500000e+00
1.552103877067565918e+00
1.544500231742858887e+00
1.532830476760864258e+00
1.527168989181518555e+00
1.530760288238525391e+00
1.528418540954589844e+00
1.521582841873168945e+00
1.538696169853210449e+00
1.540636301040649414e+00
1.545314311981201172e+00
1.537478327751159668e+00
1.547106027603149414e+00
1.539623618125915527e+00
1.540011286735534668e+00
1.536210060119628906e+00
1.507686614990234375e+00
1.519022464752197266e+00
1.521899104118347168e+00
1.521375179290771484e+00
1.523268461227416992e+00
1.535165548324584961e+00
1.542951107025146484e+00
1.537485241889953613e+00
1.552951216697692871e+00
1.544354081153869629e+00
1.524090528488159180e+00
1.529448986053466797e+00
1.528749108314514160e+00
1.517351984977722168e+00
1.519663810729980469e+00
1.534955024719238281e+00
1.534757733345031738e+00
1.535515308380126953e+00
1.531716108322143555e+00
1.547379136085510254e+00
1.542768120765686035e+00
1.554257631301879883e+00
1.549550294876098633e+00
1.549144387245178223e+00
1.546616554260253906e+00
1.532848715782165527e+00
1.540118813514709473e+00
1.528523683547973633e+00
1.526725411415100098e+00
1.527146935462951660e+00
1.530763149261474609e+00
1.525099754333496094e+00
1.532801985740661621e+00
1.526229977607727051e+00
1.539912819862365723e+00
1.535211086273193359e+00
1.539235591888427734e+00
1.539683580398559570e+00
1.530776858329772949e+00
1.523197293281555176e+00
1.514863610267639160e+00
1.510347604751586914e+00
1.499165296554565430e+00
1.500321507453918457e+00
1.499090075492858887e+00
1.501599550247192383e+00
1.512281537055969238e+00
1.506331801414489746e+00
1.512372136116027832e+00
1.503832817077636719e+00
1.512017726898193359e+00
1.490930914878845215e+00
1.491042733192443848e+00
1.492043495178222656e+00
1.491826534271240234e+00
1.469161391258239746e+00
1.461377978324890137e+00
1.442925453186035156e+00
1.426543712615966797e+00
1.417610168457031250e+00
1.413163781166076660e+00
1.396746516227722168e+00
1.381270170211791992e+00
1.377216935157775879e+00
1.366871476173400879e+00
1.351837635040283203e+00
1.349846839904785156e+00
1.342254638671875000e+00
1.331815481185913086e+00
1.334976553916931152e+00
1.324897885322570801e+00
1.316749215126037598e+00
1.317910790443420410e+00
1.292645931243896484e+00
1.271493196487426758e+00
1.272604227066040039e+00
1.263125419616699219e+00
1.260537981986999512e+00
1.260958790779113770e+00
1.246798753738403320e+00
1.244840979576110840e+00
1.234184384346008301e+00
1.229163289070129395e+00
1.225027799606323242e+00
1.217116832733154297e+00
1.222846031188964844e+00
1.211490392684936523e+00
1.205831646919250488e+00
1.191200733184814453e+00
1.189770102500915527e+00
1.189673781394958496e+00
1.191247463226318359e+00
1.204303622245788574e+00
1.198727011680603027e+00
1.200191736221313477e+00
1.192542910575866699e+00
1.176908969879150391e+00
1.179234981536865234e+00
1.177216291427612305e+00
1.179184675216674805e+00
1.171834230422973633e+00
1.174570322036743164e+00
1.174134373664855957e+00
1.163804650306701660e+00
1.158299565315246582e+00
1.179230570793151855e+00
1.177163720130920410e+00
1.184980869293212891e+00
1.179919838905334473e+00
1.188773989677429199e+00
1.181405544281005859e+00
1.185148954391479492e+00
1.190944552421569824e+00
1.186941027641296387e+00
1.177549719810485840e+00
1.195251941680908203e+00
1.191015958786010742e+00
1.196303963661193848e+00
1.205586910247802734e+00
1.188573122024536133e+00
1.187113046646118164e+00
1.179428935050964355e+00
1.179966568946838379e+00
1.189763903617858887e+00
1.195146203041076660e+00
1.197242259979248047e+00
1.203229308128356934e+00
1.204606056213378906e+00
1.204294919967651367e+00
1.209543108940124512e+00
1.212221980094909668e+00
1.210499882698059082e+00
1.215116143226623535e+00
1.216392159461975098e+00
1.218663573265075684e+00
1.215863943099975586e+00
1.225117921829223633e+00
1.231721997261047363e+00
1.242667675018310547e+00
1.237463951110839844e+00
1.234838247299194336e+00
1.239399075508117676e+00
1.216206789016723633e+00
1.210199952125549316e+00
1.208320260047912598e+00
1.205556154251098633e+00
1.205402016639709473e+00
1.198819637298583984e+00
1.190356016159057617e+00
1.192869067192077637e+00
1.202514171600341797e+00
1.211676001548767090e+00
1.208546757698059082e+00
1.212752342224121094e+00
1.217269301414489746e+00
1.202664494514465332e+00
1.193269252777099609e+00
1.190447807312011719e+00
1.198369026184082031e+00
1.194211602210998535e+00
1.197075247764587402e+00
1.203667402267456055e+00
1.241448879241943359e+00
1.239818572998046875e+00
1.244808912277221680e+00
1.239841938018798828e+00
1.236884713172912598e+00
1.231984138488769531e+00
1.230876445770263672e+00
1.235032081604003906e+00
1.232041597366333008e+00
1.225182771682739258e+00
1.226372957229614258e+00
1.220317244529724121e+00
1.223078250885009766e+00
1.219179868698120117e+00
1.213605761528015137e+00
1.205655694007873535e+00
1.199099063873291016e+00
1.199057459831237793e+00
1.193413615226745605e+00
1.194232583045959473e+00
1.189108371734619141e+00
1.186742305755615234e+00
1.181274771690368652e+00
1.188463807106018066e+00
1.184279918670654297e+00
1.177233695983886719e+00
1.169629693031311035e+00
1.168227910995483398e+00
1.171383857727050781e+00
1.173492550849914551e+00
1.196157336235046387e+00
1.198079466819763184e+00
1.191691398620605469e+00
1.195797681808471680e+00
1.198637723922729492e+00
1.193923592567443848e+00
1.196657180786132812e+00
1.196335196495056152e+00
1.185878276824951172e+00
1.172035694122314453e+00
1.162316799163818359e+00
1.177780389785766602e+00
1.171579957008361816e+00
1.176446080207824707e+00
1.192088007926940918e+00
1.194147467613220215e+00
1.185364961624145508e+00
1.176825761795043945e+00
1.174204826354980469e+00
1.175861001014709473e+00
1.117230653762817383e+00
1.122595310211181641e+00
1.128931045532226562e+00
1.113345384597778320e+00
1.124001264572143555e+00
1.120202898979187012e+00
1.116260051727294922e+00
1.138521313667297363e+00
1.149985551834106445e+00
1.159974694252014160e+00
1.167694568634033203e+00
1.178954124450683594e+00
1.180873274803161621e+00
1.180809259414672852e+00
1.178524374961853027e+00
1.187247633934020996e+00
1.197438478469848633e+00
1.193108677864074707e+00
1.192701220512390137e+00
1.180619001388549805e+00
1.182913899421691895e+00
1.186282157897949219e+00
1.201706647872924805e+00
1.199193120002746582e+00
1.200606584548950195e+00
1.205381035804748535e+00
1.207009315490722656e+00
1.205566525459289551e+00
1.202163815498352051e+00
1.192642688751220703e+00
1.179384350776672363e+00
1.176782488822937012e+00
1.181204676628112793e+00
1.182947278022766113e+00
1.188748121261596680e+00
1.197997808456420898e+00
1.199874162673950195e+00
1.198450565338134766e+00
1.202637076377868652e+00
1.202291011810302734e+00
1.201925992965698242e+00
1.191801786422729492e+00
1.185823559761047363e+00
1.171775341033935547e+00
nan
nan
nan
nan
nan
nan
nan
nan
nan
nan
nan
nan
nan
nan
nan
nan
nan
nan
nan
nan
nan
nan
nan
nan
nan
nan
nan
nan
nan
nan
nan
nan
nan
nan
nan
nan
nan
nan
nan
nan
nan
nan
nan
nan
nan
nan
nan
nan
nan
nan
1.443958640098571777e+00
1.448009490966796875e+00
1.449877738952636719e+00
1.438513994216918945e+00
1.435906529426574707e+00
1.427584409713745117e+00
1.430696845054626465e+00
1.432339787483215332e+00
1.349187135696411133e+00
1.349790453910827637e+00
1.356365203857421875e+00
1.361000180244445801e+00
1.390079855918884277e+00
1.389056205749511719e+00
1.370375514030456543e+00
1.378891587257385254e+00
1.379668593406677246e+00
1.382290601730346680e+00
1.380822300910949707e+00
1.377790212631225586e+00
1.369575977325439453e+00
1.375943779945373535e+00
1.378593087196350098e+00
1.384017944335937500e+00
1.369161128997802734e+00
1.367629528045654297e+00
1.363845467567443848e+00
1.279973030090332031e+00
1.281050682067871094e+00
1.275740861892700195e+00
1.249691128730773926e+00
1.249977827072143555e+00
1.253265857696533203e+00
1.265357851982116699e+00
1.261951327323913574e+00
1.255427837371826172e+00
1.259957313537597656e+00
1.260433077812194824e+00
1.263240098953247070e+00
1.272359967231750488e+00
1.260843873023986816e+00
1.267672181129455566e+00
1.218650341033935547e+00
1.218207955360412598e+00
1.244350314140319824e+00
1.237310051918029785e+00
1.222312450408935547e+00
1.231141567230224609e+00
1.222526192665100098e+00
1.221060514450073242e+00
1.224617362022399902e+00
1.231163620948791504e+00
1.218138217926025391e+00
1.221309542655944824e+00
1.224812030792236328e+00
1.223501563072204590e+00
1.221656441688537598e+00
1.228610634803771973e+00
1.230987071990966797e+00
1.241420269012451172e+00
1.250171303749084473e+00
1.246244907379150391e+00
1.221263885498046875e+00
1.215409040451049805e+00
1.215021610260009766e+00
1.198042750358581543e+00
1.205443024635314941e+00
1.208274602890014648e+00
1.202784538269042969e+00
1.211473941802978516e+00
1.217623114585876465e+00
1.210896611213684082e+00
1.216893672943115234e+00
1.212024569511413574e+00
1.209472775459289551e+00
1.205234169960021973e+00
1.212305545806884766e+00
1.214986920356750488e+00
1.205769300460815430e+00
1.231358051300048828e+00
1.232132077217102051e+00
1.232098340988159180e+00
1.230918049812316895e+00
1.221474647521972656e+00
1.233545660972595215e+00
1.238040328025817871e+00
1.240890026092529297e+00
1.258887052536010742e+00
1.269938945770263672e+00
1.254414916038513184e+00
1.270464658737182617e+00
1.262135386466979980e+00
1.262381315231323242e+00
1.269427180290222168e+00
1.252360105514526367e+00
1.249455928802490234e+00
1.248642325401306152e+00
1.254011988639831543e+00
1.264183998107910156e+00
1.264910936355590820e+00
1.262821078300476074e+00
1.267106175422668457e+00
1.275073528289794922e+00
1.268922448158264160e+00
1.274724483489990234e+00
1.276517987251281738e+00
1.280333042144775391e+00
1.267028450965881348e+00
1.267655134201049805e+00
1.254482746124267578e+00
1.232969641685485840e+00
1.235705614089965820e+00
1.237782359123229980e+00
1.239682912826538086e+00
1.240908145904541016e+00
1.250058412551879883e+00
1.235967874526977539e+00
1.240969538688659668e+00
1.241055130958557129e+00
1.235870838165283203e+00
1.243652701377868652e+00
1.241222858428955078e+00
1.235377311706542969e+00
1.237534761428833008e+00
1.234245896339416504e+00
1.241130232810974121e+00
1.232381582260131836e+00
1.218071579933166504e+00
1.219980716705322266e+00
1.209981322288513184e+00
1.208795905113220215e+00
1.209808468818664551e+00
1.201697945594787598e+00
1.203871130943298340e+00
1.193281650543212891e+00
1.192001700401306152e+00
1.191666245460510254e+00
1.186141490936279297e+00
1.199060559272766113e+00
1.215470671653747559e+00
1.215144753456115723e+00
1.225092172622680664e+00
1.218263506889343262e+00
1.208459377288818359e+00
1.199492335319519043e+00
1.211734652519226074e+00
1.215615510940551758e+00
1.215112924575805664e+00
1.204788088798522949e+00
1.203231692314147949e+00
1.203782677650451660e+00
1.201602578163146973e+00
1.206068277359008789e+00
1.218374490737915039e+00
1.218175649642944336e+00
1.211525082588195801e+00
1.217821359634399414e+00
1.247267603874206543e+00
1.242448091506958008e+00
1.253138542175292969e+00
1.273077607154846191e+00
1.266806721687316895e+00
1.275799989700317383e+00
1.278610587120056152e+00
1.283904910087585449e+00
1.277930378913879395e+00
1.286744832992553711e+00
1.284978628158569336e+00
1.300058007240295410e+00
1.329370737075805664e+00
1.319601535797119141e+00
1.327941417694091797e+00
1.321422457695007324e+00
1.329197406768798828e+00
1.340295314788818359e+00
1.330768704414367676e+00
1.337911963462829590e+00
1.344382524490356445e+00
1.346308469772338867e+00
1.344071626663208008e+00
1.351021409034729004e+00
1.372591137886047363e+00
1.377582430839538574e+00
1.379231452941894531e+00
1.378332853317260742e+00
1.372803330421447754e+00
1.392290472984313965e+00
1.381691694259643555e+00
1.354887247085571289e+00
1.352327823638916016e+00
1.351273179054260254e+00
1.346813917160034180e+00
1.348716855049133301e+00
1.350997924804687500e+00
1.365394115447998047e+00
1.361573219299316406e+00
1.373780012130737305e+00
1.374968409538269043e+00
1.375291347503662109e+00
1.371801614761352539e+00
1.375609636306762695e+00
1.375240921974182129e+00
1.382199048995971680e+00
1.373137354850769043e+00
1.367633342742919922e+00
1.376400351524353027e+00
1.376648545265197754e+00
1.354288220405578613e+00
1.348621964454650879e+00
1.346425890922546387e+00
1.332328200340270996e+00
1.339634418487548828e+00
1.326327085494995117e+00
1.335335493087768555e+00
1.334859490394592285e+00
1.333266496658325195e+00
1.321875929832458496e+00
1.309679746627807617e+00
1.291347503662109375e+00
1.274910211563110352e+00
1.273278713226318359e+00
1.273623108863830566e+00
1.268592715263366699e+00
1.249653458595275879e+00
1.243086457252502441e+00
1.248190164566040039e+00
1.244521021842956543e+00
1.237990140914916992e+00
1.233045816421508789e+00
1.239461779594421387e+00
1.233974337577819824e+00
1.210333347320556641e+00
1.220617771148681641e+00
1.224738478660583496e+00
1.228985309600830078e+00
1.238046288490295410e+00
1.222513675689697266e+00
1.219614744186401367e+00
1.225571990013122559e+00
1.216973900794982910e+00
1.214711546897888184e+00
1.227165937423706055e+00
1.230862021446228027e+00
1.231919527053833008e+00
1.218081116676330566e+00
1.213754296302795410e+00
1.206204652786254883e+00
1.210780382156372070e+00
1.204740166664123535e+00
1.201808691024780273e+00
1.203685402870178223e+00
1.208780050277709961e+00
1.196478009223937988e+00
1.191480875015258789e+00
1.182391524314880371e+00
1.175306916236877441e+00
1.164611697196960449e+00
1.172538757324218750e+00
1.175187349319458008e+00
1.182482838630676270e+00
1.179769635200500488e+00
1.169526934623718262e+00
1.179835319519042969e+00
1.184423327445983887e+00
1.182869195938110352e+00
1.184970021247863770e+00
1.192099094390869141e+00
1.204272031784057617e+00
1.210365653038024902e+00
1.189367055892944336e+00
1.197343349456787109e+00
1.192911863327026367e+00
1.202888131141662598e+00
1.206188678741455078e+00
1.203139543533325195e+00
1.200288534164428711e+00
1.201157569885253906e+00
1.200965881347656250e+00
1.219185709953308105e+00
1.211053729057312012e+00
1.226945996284484863e+00
1.226808309555053711e+00
1.217866301536560059e+00
1.205155134201049805e+00
1.196975827217102051e+00
1.189145207405090332e+00
1.187719821929931641e+00
1.186503052711486816e+00
1.181456804275512695e+00
1.191157460212707520e+00
1.192504167556762695e+00
1.166800022125244141e+00
1.159327983856201172e+00
1.184683203697204590e+00
1.188573598861694336e+00
1.192024827003479004e+00
1.224294424057006836e+00
1.228702783584594727e+00
1.229535937309265137e+00
1.243219733238220215e+00
1.238779187202453613e+00
1.232191801071166992e+00
1.230154991149902344e+00
1.241359829902648926e+00
1.237321972846984863e+00
1.241255879402160645e+00
1.241031169891357422e+00
1.226559400558471680e+00
1.224644899368286133e+00
1.231349229812622070e+00
1.235795974731445312e+00
1.234542846679687500e+00
1.233975291252136230e+00
1.221482038497924805e+00
1.222932100296020508e+00
1.226689457893371582e+00
1.224693417549133301e+00
1.227514863014221191e+00
1.227673768997192383e+00
1.241860270500183105e+00
1.238365411758422852e+00
1.230372786521911621e+00
1.235710024833679199e+00
1.243823766708374023e+00
1.249886512756347656e+00
1.247457146644592285e+00
1.251560568809509277e+00
1.253665447235107422e+00
1.238880634307861328e+00
1.242438077926635742e+00
1.220959424972534180e+00
1.215511441230773926e+00
1.208822965621948242e+00
1.211269855499267578e+00
1.219973802566528320e+00
1.224207520484924316e+00
1.216377139091491699e+00
1.219758152961730957e+00
1.229912996292114258e+00
1.226658225059509277e+00
1.226342201232910156e+00
1.237700223922729492e+00
1.254283070564270020e+00
1.222149610519409180e+00
1.225615978240966797e+00
1.219788670539855957e+00
1.186430335044860840e+00
1.172888755798339844e+00
1.175495505332946777e+00
1.166459083557128906e+00
1.171056032180786133e+00
1.176345705986022949e+00
1.184951663017272949e+00
1.172312974929809570e+00
1.181207418441772461e+00
1.199328422546386719e+00
1.199973225593566895e+00
1.211894631385803223e+00
1.207636475563049316e+00
1.188405752182006836e+00
1.189099907875061035e+00
1.201025485992431641e+00
1.190763115882873535e+00
1.183798789978027344e+00
1.175969839096069336e+00
1.168288707733154297e+00
1.181661248207092285e+00
1.182876467704772949e+00
1.173878073692321777e+00
1.164067268371582031e+00
1.167141914367675781e+00
1.170369505882263184e+00
1.166295289993286133e+00
1.154008746147155762e+00
1.159346103668212891e+00
1.161880016326904297e+00
1.163477301597595215e+00
1.174093246459960938e+00
1.177263379096984863e+00
1.174698472023010254e+00
1.180377602577209473e+00
1.191112995147705078e+00
1.182669878005981445e+00
1.187796711921691895e+00
1.177146553993225098e+00
1.181126594543457031e+00
1.185481905937194824e+00
1.186291694641113281e+00
1.175278067588806152e+00
1.163462042808532715e+00
1.168024301528930664e+00
1.178936839103698730e+00
1.170906186103820801e+00
1.171658992767333984e+00
1.160460591316223145e+00
1.152733564376831055e+00
1.153828859329223633e+00
1.156588792800903320e+00
1.150651216506958008e+00
1.159033656120300293e+00
1.166713118553161621e+00
1.170609354972839355e+00
1.169275164604187012e+00
1.175499439239501953e+00
1.182203769683837891e+00
1.167864799499511719e+00
1.166275382041931152e+00
1.157217741012573242e+00
1.164606332778930664e+00
1.174603223800659180e+00
1.165907859802246094e+00
1.158103227615356445e+00
1.156403660774230957e+00
1.157367229461669922e+00
1.168447732925415039e+00
1.175941586494445801e+00
1.156135678291320801e+00
1.163740634918212891e+00
1.173406839370727539e+00
1.166101932525634766e+00
1.161305665969848633e+00
1.161674737930297852e+00
1.161524415016174316e+00
1.174536466598510742e+00
1.169169068336486816e+00
1.168671607971191406e+00
1.163084268569946289e+00
1.153511762619018555e+00
1.138680219650268555e+00
1.146853208541870117e+00
1.140035510063171387e+00
1.135456204414367676e+00
1.143572092056274414e+00
1.135166287422180176e+00
1.145331501960754395e+00
1.151348233222961426e+00
1.144852876663208008e+00
1.157973527908325195e+00
1.167359232902526855e+00
1.179943442344665527e+00
1.178867220878601074e+00
1.172278761863708496e+00
1.179914951324462891e+00
1.187258958816528320e+00
1.193995952606201172e+00
1.209984779357910156e+00
1.206302285194396973e+00
1.210319042205810547e+00
1.218830466270446777e+00
1.209817528724670410e+00
1.204482913017272949e+00
1.192627310752868652e+00
1.187434196472167969e+00
1.182020425796508789e+00
1.178279280662536621e+00
1.176648139953613281e+00
1.179849624633789062e+00
1.179721236228942871e+00
1.204708814620971680e+00
1.216338753700256348e+00
1.225898742675781250e+00
1.226581096649169922e+00
1.236113548278808594e+00
1.238847851753234863e+00
1.227698922157287598e+00
1.251133322715759277e+00
1.259197711944580078e+00
1.246871829032897949e+00
1.252558946609497070e+00
1.253571748733520508e+00
1.262519478797912598e+00
1.272365212440490723e+00
1.273166894912719727e+00
1.271747946739196777e+00
1.278686761856079102e+00
1.282042384147644043e+00
1.283817648887634277e+00
1.284248948097229004e+00
1.296564579010009766e+00
1.291153311729431152e+00
1.296964526176452637e+00
1.297869682312011719e+00
1.311228752136230469e+00
1.328017234802246094e+00
1.324999570846557617e+00
1.320790886878967285e+00
1.322801113128662109e+00
1.318039894104003906e+00
1.318108201026916504e+00
1.310907244682312012e+00
1.320307970046997070e+00
1.313449263572692871e+00
1.300808310508728027e+00
1.305069088935852051e+00
1.303837895393371582e+00
1.295961260795593262e+00
1.282564997673034668e+00
1.299399614334106445e+00
1.291345834732055664e+00
1.296026468276977539e+00
1.287834048271179199e+00
1.282467603683471680e+00
1.282994747161865234e+00
1.290218949317932129e+00
1.291462540626525879e+00
1.294921398162841797e+00
1.294808149337768555e+00
1.288247942924499512e+00
1.260129094123840332e+00
1.242981433868408203e+00
1.241116523742675781e+00
1.242926239967346191e+00
1.236890554428100586e+00
1.229437708854675293e+00
1.232295513153076172e+00
1.203662991523742676e+00
1.200726985931396484e+00
1.200786828994750977e+00
1.185871362686157227e+00
1.185210108757019043e+00
1.170532822608947754e+00
1.160702109336853027e+00
1.157177805900573730e+00
1.154075145721435547e+00
1.148188948631286621e+00
1.143052935600280762e+00
1.135083436965942383e+00
1.129451870918273926e+00
1.122828125953674316e+00
1.116648912429809570e+00
1.117545366287231445e+00
1.115226149559020996e+00
1.105600118637084961e+00
1.089110612869262695e+00
1.092025399208068848e+00
1.084883213043212891e+00
1.089537382125854492e+00
1.085951328277587891e+00
1.076802730560302734e+00
1.076299905776977539e+00
1.060683846473693848e+00
1.063135862350463867e+00
1.066280364990234375e+00
1.054086446762084961e+00
1.051797866821289062e+00
1.050229787826538086e+00
1.056138992309570312e+00
1.039039254188537598e+00
1.047891139984130859e+00
1.045025825500488281e+00
1.038711190223693848e+00
1.045691370964050293e+00
1.062529087066650391e+00
1.058970332145690918e+00
1.060719728469848633e+00
1.057149410247802734e+00
1.059556484222412109e+00
1.063740491867065430e+00
1.066496253013610840e+00
1.069381237030029297e+00
1.068192720413208008e+00
1.068134427070617676e+00
1.068544745445251465e+00
1.078730463981628418e+00
1.077786207199096680e+00
1.080905199050903320e+00
1.080673575401306152e+00
1.075459241867065430e+00
1.076265335083007812e+00
1.070403575897216797e+00
1.078726172447204590e+00
1.073273420333862305e+00
1.067451238632202148e+00
1.060004472732543945e+00
1.059457778930664062e+00
1.060783028602600098e+00
1.057256221771240234e+00
1.055772423744201660e+00
1.060393214225769043e+00
1.061027050018310547e+00
1.064215898513793945e+00
1.060320138931274414e+00
1.054584860801696777e+00
1.065540671348571777e+00
1.052226305007934570e+00
1.045011997222900391e+00
1.040249228477478027e+00
1.035693407058715820e+00
1.031813979148864746e+00
1.039834022521972656e+00
1.049899339675903320e+00
1.045605659484863281e+00
1.054005026817321777e+00
1.050189495086669922e+00
1.055482387542724609e+00
1.058779120445251465e+00
1.054560661315917969e+00
1.043848395347595215e+00
1.040958881378173828e+00
1.041165947914123535e+00
1.045590281486511230e+00
1.033478140830993652e+00
1.014933347702026367e+00
1.006117582321166992e+00
1.004027366638183594e+00
9.991812705993652344e-01
9.840051531791687012e-01
9.775760769844055176e-01
9.763085842132568359e-01
9.629257321357727051e-01
9.785567522048950195e-01
9.767758846282958984e-01
9.791667461395263672e-01
9.738328456878662109e-01
9.764050245285034180e-01
9.695202708244323730e-01
9.746110439300537109e-01
9.806134700775146484e-01
9.805006384849548340e-01
9.849741458892822266e-01
9.843257665634155273e-01
9.863153100013732910e-01
9.884194135665893555e-01
9.926263689994812012e-01
9.897535443305969238e-01
9.789059162139892578e-01
9.862646460533142090e-01
9.941038489341735840e-01
9.890605807304382324e-01
9.908157587051391602e-01
9.934722781181335449e-01
1.007035017013549805e+00
1.009375452995300293e+00
1.006170392036437988e+00
1.016568422317504883e+00
1.019163250923156738e+00
1.017844796180725098e+00
1.012979984283447266e+00
1.014739036560058594e+00
1.012182712554931641e+00
1.001771211624145508e+00
9.949852824211120605e-01
9.886611700057983398e-01
9.951994419097900391e-01
9.937018752098083496e-01
9.882670044898986816e-01
9.916676282882690430e-01
9.930728673934936523e-01
9.875852465629577637e-01
9.802643656730651855e-01
9.825847148895263672e-01
9.879038929939270020e-01
9.780414700508117676e-01
9.762809872627258301e-01
9.705497622489929199e-01
9.727422595024108887e-01
9.818502068519592285e-01
9.946899414062500000e-01
9.982255697250366211e-01
1.005905747413635254e+00
9.897451996803283691e-01
9.834400415420532227e-01
9.806147813796997070e-01
9.763398766517639160e-01
9.623692035675048828e-01
9.662998318672180176e-01
9.608004093170166016e-01
9.684973955154418945e-01
9.748621582984924316e-01
9.877766370773315430e-01
9.876257181167602539e-01
9.835706949234008789e-01
9.880454540252685547e-01
9.856844544410705566e-01
9.815273880958557129e-01
9.889968633651733398e-01
9.935510158538818359e-01
9.904655218124389648e-01
9.858340620994567871e-01
9.846743941307067871e-01
9.779588580131530762e-01
9.669702053070068359e-01
9.603538513183593750e-01
9.543824791908264160e-01
9.469720721244812012e-01
9.516110420227050781e-01
9.507679939270019531e-01
9.460204243659973145e-01
9.566861987113952637e-01
9.537093639373779297e-01
9.556307792663574219e-01
9.656597375869750977e-01
9.660067558288574219e-01
9.703466892242431641e-01
9.594570398330688477e-01
9.636646509170532227e-01
9.699750542640686035e-01
9.794917106628417969e-01
9.771768450736999512e-01
9.927588701248168945e-01
9.930133223533630371e-01
9.951238036155700684e-01
1.000020742416381836e+00
1.002681255340576172e+00
1.009805560111999512e+00
9.960372447967529297e-01
9.882251024246215820e-01
9.749745726585388184e-01
9.768126010894775391e-01
9.808136820793151855e-01
9.867583513259887695e-01
9.853575825691223145e-01
9.808850288391113281e-01
9.987270236015319824e-01
1.012699246406555176e+00
1.014091968536376953e+00
1.030053138732910156e+00
1.024434924125671387e+00
1.021968960762023926e+00
1.012246847152709961e+00
1.004354596138000488e+00
1.003639936447143555e+00
1.028759956359863281e+00
1.025832891464233398e+00
1.028067231178283691e+00
1.028116703033447266e+00
1.021126866340637207e+00
1.014636039733886719e+00
1.019526720046997070e+00
1.030314207077026367e+00
1.026683926582336426e+00
1.025222659111022949e+00
1.026813983917236328e+00
1.023661494255065918e+00
1.033869743347167969e+00
1.021414756774902344e+00
1.028006911277770996e+00
1.035975217819213867e+00
1.025951266288757324e+00
1.021850466728210449e+00
1.032508611679077148e+00
1.035796403884887695e+00
1.028476238250732422e+00
1.020353913307189941e+00
1.037044286727905273e+00
1.034352779388427734e+00
1.029599905014038086e+00
1.023873209953308105e+00
1.026114940643310547e+00
1.018161892890930176e+00
1.014291405677795410e+00
1.006020069122314453e+00
1.002536654472351074e+00
9.997934103012084961e-01
1.000151634216308594e+00
1.003033995628356934e+00
1.009874820709228516e+00
1.016927599906921387e+00
1.013658165931701660e+00
1.005458354949951172e+00
9.897913336753845215e-01
9.932509660720825195e-01
9.917972683906555176e-01
9.763232469558715820e-01
9.789752364158630371e-01
9.778292775154113770e-01
9.562101960182189941e-01
9.816665053367614746e-01
9.809578061103820801e-01
9.877161979675292969e-01
9.919021129608154297e-01
1.003000617027282715e+00
9.868140220642089844e-01
9.895606040954589844e-01
9.866823554039001465e-01
9.819069504737854004e-01
1.003148794174194336e+00
1.014226436614990234e+00
1.019625425338745117e+00
1.006909489631652832e+00
1.009347558021545410e+00
1.015111207962036133e+00
1.015675544738769531e+00
1.025128126144409180e+00
1.033879518508911133e+00
1.044723391532897949e+00
1.047880053520202637e+00
1.048704981803894043e+00
1.052976965904235840e+00
1.057338356971740723e+00
1.042331099510192871e+00
1.035774707794189453e+00
1.034884333610534668e+00
1.043168663978576660e+00
1.034127712249755859e+00
1.030009627342224121e+00
1.027060031890869141e+00
1.022240042686462402e+00
1.029729723930358887e+00
1.046263098716735840e+00
1.049257993698120117e+00
1.050982713699340820e+00
1.060209631919860840e+00
1.065139412879943848e+00
1.063989520072937012e+00
1.070668458938598633e+00
1.072513699531555176e+00
1.116277217864990234e+00
1.115192890167236328e+00
nan
nan
nan
nan
nan
nan
nan
nan
nan
nan
nan
nan
nan
nan
nan
nan
nan
nan
nan
nan
nan
nan
nan
nan
nan
nan
nan
nan
nan
nan
nan
nan
nan
nan
nan
nan
nan
nan
nan
nan
nan
nan
nan
nan
nan
nan
nan
nan
nan
nan
1.066312432289123535e+00
1.079146385192871094e+00
1.066127538681030273e+00
1.072588205337524414e+00
1.073997855186462402e+00
1.062786221504211426e+00
1.058542847633361816e+00
1.066464185714721680e+00
1.070038795471191406e+00
1.070291042327880859e+00
1.054229617118835449e+00
1.061755776405334473e+00
1.073961496353149414e+00
1.088301181793212891e+00
1.082068204879760742e+00
1.078297853469848633e+00
1.078073978424072266e+00
1.082560539245605469e+00
1.073665738105773926e+00
1.073531627655029297e+00
1.066960096359252930e+00
1.064082384109497070e+00
1.069774866104125977e+00
1.079609632492065430e+00
1.074917554855346680e+00
1.074278831481933594e+00
1.081589341163635254e+00
1.081526517868041992e+00
1.085147857666015625e+00
1.062169551849365234e+00
1.060597181320190430e+00
1.056856513023376465e+00
1.057110786437988281e+00
1.068055629730224609e+00
1.046058535575866699e+00
1.046988010406494141e+00
1.040954470634460449e+00
1.040728330612182617e+00
1.041945338249206543e+00
1.038259744644165039e+00
1.043253898620605469e+00
1.043046832084655762e+00
1.050568699836730957e+00
1.051344633102416992e+00
1.060459494590759277e+00
1.032946467399597168e+00
1.015022754669189453e+00
1.023020148277282715e+00
1.017584204673767090e+00
1.016334414482116699e+00
1.008244752883911133e+00
9.976038336753845215e-01
1.023960471153259277e+00
1.022928953170776367e+00
1.110651731491088867e+00
1.114292860031127930e+00
1.113869071006774902e+00
1.104577302932739258e+00
1.099377155303955078e+00
1.100636482238769531e+00
1.113182663917541504e+00
1.101591587066650391e+00
1.096107125282287598e+00
1.078658938407897949e+00
1.080933809280395508e+00
1.080686688423156738e+00
1.081563115119934082e+00
1.081565141677856445e+00
1.087273240089416504e+00
1.085644960403442383e+00
1.089293718338012695e+00
1.091040372848510742e+00
1.091198205947875977e+00
1.084629893302917480e+00
1.086914181709289551e+00
1.090935230255126953e+00
1.087862014770507812e+00
1.081113934516906738e+00
1.079089403152465820e+00
1.089763879776000977e+00
1.095787286758422852e+00
1.095052003860473633e+00
1.104131340980529785e+00
1.111483573913574219e+00
1.120366811752319336e+00
1.112555861473083496e+00
1.112195849418640137e+00
1.104639530181884766e+00
1.107233881950378418e+00
1.096370935440063477e+00
1.086248159408569336e+00
1.100214838981628418e+00
1.105219364166259766e+00
1.098719358444213867e+00
1.084876656532287598e+00
1.104653596878051758e+00
1.121502995491027832e+00
1.112866163253784180e+00
1.118041396141052246e+00
1.131673932075500488e+00
1.140207648277282715e+00
1.138083457946777344e+00
1.117567539215087891e+00
1.119427680969238281e+00
1.028314232826232910e+00
1.030258893966674805e+00
1.027496457099914551e+00
1.030458569526672363e+00
1.036566376686096191e+00
1.043532133102416992e+00
1.034244775772094727e+00
1.044019818305969238e+00
1.048211216926574707e+00
1.056203365325927734e+00
1.059717535972595215e+00
1.062314748764038086e+00
1.063334226608276367e+00
1.060640096664428711e+00
1.055410146713256836e+00
1.063733577728271484e+00
1.059969663619995117e+00
1.057909369468688965e+00
1.054693937301635742e+00
1.053428649902343750e+00
1.052157640457153320e+00
1.055119276046752930e+00
1.053336501121520996e+00
1.055968880653381348e+00
1.055106759071350098e+00
1.051161050796508789e+00
1.039338946342468262e+00
1.045950293540954590e+00
1.039636492729187012e+00
1.036813974380493164e+00
1.035977125167846680e+00
1.037245035171508789e+00
1.042912721633911133e+00
1.050116181373596191e+00
1.051609754562377930e+00
1.061345696449279785e+00
1.076602578163146973e+00
1.055408477783203125e+00
1.051241397857666016e+00
1.058000922203063965e+00
1.062071561813354492e+00
1.046399712562561035e+00
1.045275807380676270e+00
1.059165835380554199e+00
1.060508608818054199e+00
1.042114138603210449e+00
1.028773903846740723e+00
1.031729698181152344e+00
1.036441087722778320e+00
1.028553247451782227e+00
1.028092026710510254e+00
1.018863081932067871e+00
1.014385938644409180e+00
1.011325240135192871e+00
1.017307400703430176e+00
1.009604215621948242e+00
1.008851885795593262e+00
1.000985622406005859e+00
9.972829222679138184e-01
1.004390358924865723e+00
9.983590841293334961e-01
1.000099420547485352e+00
9.990395903587341309e-01
1.002329587936401367e+00
1.019862890243530273e+00
1.004256844520568848e+00
1.010976076126098633e+00
1.009338855743408203e+00
1.010534167289733887e+00
1.007682323455810547e+00
1.009583115577697754e+00
1.007224082946777344e+00
1.012250185012817383e+00
1.014874935150146484e+00
1.025444746017456055e+00
1.026889324188232422e+00
1.028179526329040527e+00
1.035965919494628906e+00
1.033569097518920898e+00
1.024364590644836426e+00
1.025685906410217285e+00
1.027667641639709473e+00
1.026274204254150391e+00
1.023933768272399902e+00
1.013131499290466309e+00
1.019450306892395020e+00
1.018200039863586426e+00
1.017033815383911133e+00
1.023197889328002930e+00
1.026764869689941406e+00
1.025761127471923828e+00
1.029985308647155762e+00
1.027222037315368652e+00
1.026739954948425293e+00
1.019468665122985840e+00
1.022310376167297363e+00
1.034899353981018066e+00
1.047881007194519043e+00
1.045506238937377930e+00
1.048417329788208008e+00
1.055367231369018555e+00
1.056958317756652832e+00
1.061592459678649902e+00
1.069260358810424805e+00
1.064029216766357422e+00
1.054356336593627930e+00
1.078285932540893555e+00
1.074520349502563477e+00
1.068645596504211426e+00
1.070538520812988281e+00
1.068508267402648926e+00
1.061186194419860840e+00
1.067540645599365234e+00
1.074365973472595215e+00
1.070384502410888672e+00
1.074643373489379883e+00
1.069234371185302734e+00
1.076959729194641113e+00
1.090395212173461914e+00
1.095456600189208984e+00
1.104488968849182129e+00
1.103916168212890625e+00
1.101355433464050293e+00
1.090272903442382812e+00
1.081653475761413574e+00
1.073907256126403809e+00
1.084770917892456055e+00
1.070570468902587891e+00
1.074964284896850586e+00
1.078017115592956543e+00
1.079383730888366699e+00
1.082065343856811523e+00
1.077932715415954590e+00
1.081853389739990234e+00
1.089359045028686523e+00
1.080235481262207031e+00
1.078059673309326172e+00
1.086474537849426270e+00
1.077611804008483887e+00
1.068863868713378906e+00
1.092130184173583984e+00
1.095477342605590820e+00
1.098423361778259277e+00
1.090946793556213379e+00
1.096986651420593262e+00
1.099065899848937988e+00
1.090123653411865234e+00
1.081652164459228516e+00
1.082381725311279297e+00
1.082242846488952637e+00
1.071156144142150879e+00
1.077210664749145508e+00
1.077900528907775879e+00
1.089936137199401855e+00
1.097544193267822266e+00
1.104855895042419434e+00
1.081942319869995117e+00
1.084173798561096191e+00
1.089927315711975098e+00
1.107098221778869629e+00
1.103223681449890137e+00
1.101908087730407715e+00
1.095035076141357422e+00
1.084171652793884277e+00
1.077013134956359863e+00
1.070165991783142090e+00
1.077943563461303711e+00
1.077763438224792480e+00
1.094421029090881348e+00
1.089238643646240234e+00
1.083891034126281738e+00
1.084079980850219727e+00
1.072930335998535156e+00
1.074945092201232910e+00
1.078199863433837891e+00
1.084403514862060547e+00
1.076146841049194336e+00
1.078953742980957031e+00
1.075489163398742676e+00
1.065082669258117676e+00
1.068142294883728027e+00
1.058518648147583008e+00
1.051260471343994141e+00
1.048060059547424316e+00
1.044625997543334961e+00
1.044101715087890625e+00
1.037143349647521973e+00
1.038257241249084473e+00
1.029531598091125488e+00
1.033575773239135742e+00
1.013808846473693848e+00
1.026223659515380859e+00
1.022886276245117188e+00
1.020584583282470703e+00
1.024929761886596680e+00
1.013651609420776367e+00
1.021253228187561035e+00
1.016052126884460449e+00
1.006887197494506836e+00
1.006113529205322266e+00
1.007284522056579590e+00
1.001025438308715820e+00
1.005516529083251953e+00
9.993844628334045410e-01
9.895450472831726074e-01
1.021216154098510742e+00
1.027480363845825195e+00
1.030674338340759277e+00
1.034027457237243652e+00
1.008905053138732910e+00
1.006237149238586426e+00
1.007069230079650879e+00
1.010318398475646973e+00
1.003489017486572266e+00
9.958149790763854980e-01
1.002234339714050293e+00
9.906714558601379395e-01
1.000092029571533203e+00
9.687042832374572754e-01
9.670916795730590820e-01
9.718707799911499023e-01
9.677060842514038086e-01
9.640218615531921387e-01
9.666141271591186523e-01
9.742804765701293945e-01
9.687051177024841309e-01
9.700701236724853516e-01
9.804850220680236816e-01
9.855204820632934570e-01
9.900880455970764160e-01
9.813569784164428711e-01
9.786664843559265137e-01
1.011715054512023926e+00
1.006937265396118164e+00
1.005561351776123047e+00
1.018183112144470215e+00
1.016670346260070801e+00
1.015072822570800781e+00
1.041270494461059570e+00
1.043158531188964844e+00
1.047853946685791016e+00
1.028142452239990234e+00
1.033405303955078125e+00
1.035786867141723633e+00
1.028855562210083008e+00
1.043969750404357910e+00
1.067422389984130859e+00
1.069172263145446777e+00
1.076068758964538574e+00
1.078681588172912598e+00
1.082991838455200195e+00
1.081232428550720215e+00
1.075208902359008789e+00
1.067749500274658203e+00
1.067565321922302246e+00
1.044454932212829590e+00
1.040402054786682129e+00
1.048380732536315918e+00
1.043086290359497070e+00
1.038889884948730469e+00
1.046924948692321777e+00
1.042306661605834961e+00
1.040575504302978516e+00
1.055027842521667480e+00
1.053468823432922363e+00
1.052854180335998535e+00
1.066372632980346680e+00
1.054459810256958008e+00
1.057391166687011719e+00
1.059238791465759277e+00
1.052334427833557129e+00
1.057797670364379883e+00
1.060840964317321777e+00
1.068761110305786133e+00
1.055125832557678223e+00
1.060851573944091797e+00
1.058788776397705078e+00
1.047877073287963867e+00
1.038582801818847656e+00
1.043854475021362305e+00
1.048708915710449219e+00
1.062072753906250000e+00
1.038446187973022461e+00
1.030960440635681152e+00
1.034191846847534180e+00
1.026579618453979492e+00
1.030170321464538574e+00
1.031524419784545898e+00
1.015723466873168945e+00
1.015925645828247070e+00
1.021020412445068359e+00
1.019823431968688965e+00
1.019238471984863281e+00
1.016170620918273926e+00
1.016116619110107422e+00
1.023197531700134277e+00
9.894815683364868164e-01
9.792716503143310547e-01
9.858571887016296387e-01
9.841331243515014648e-01
9.855826497077941895e-01
9.852228760719299316e-01
9.794823527336120605e-01
9.780566692352294922e-01
9.779011607170104980e-01
9.702787995338439941e-01
9.684451818466186523e-01
9.594554305076599121e-01
9.636179208755493164e-01
9.746820926666259766e-01
9.723533391952514648e-01
9.783576726913452148e-01
9.991116523742675781e-01
1.002407789230346680e+00
1.002879381179809570e+00
1.005658626556396484e+00
1.000397920608520508e+00
9.937901496887207031e-01
9.982005953788757324e-01
1.001745223999023438e+00
1.008831381797790527e+00
9.977386593818664551e-01
1.000893712043762207e+00
9.882646203041076660e-01
1.006341338157653809e+00
9.992676377296447754e-01
9.987406134605407715e-01
9.974341392517089844e-01
9.956574440002441406e-01
9.838564991950988770e-01
9.697259664535522461e-01
9.603449106216430664e-01
9.578115940093994141e-01
9.648827314376831055e-01
9.877790808677673340e-01
9.837747216224670410e-01
9.859212636947631836e-01
9.892589449882507324e-01
9.837320446968078613e-01
9.815685153007507324e-01
9.704290628433227539e-01
9.723802208900451660e-01
9.851753115653991699e-01
9.805406332015991211e-01
9.727628231048583984e-01
9.569375514984130859e-01
9.670490026473999023e-01
9.716060757637023926e-01
9.575169086456298828e-01
9.544130563735961914e-01
9.726589322090148926e-01
9.884584546089172363e-01
9.910628795623779297e-01
9.811916947364807129e-01
9.777639508247375488e-01
9.695349335670471191e-01
9.782260656356811523e-01
9.797881841659545898e-01
9.846894145011901855e-01
9.704387187957763672e-01
9.773001670837402344e-01
9.806787967681884766e-01
9.573422074317932129e-01
9.488105177879333496e-01
9.665535092353820801e-01
9.622390270233154297e-01
9.610029458999633789e-01
9.635435342788696289e-01
9.567835927009582520e-01
9.558424353599548340e-01
9.477163553237915039e-01
9.577628970146179199e-01
9.467428326606750488e-01
9.531636238098144531e-01
9.400513172149658203e-01
9.400830268859863281e-01
9.386764764785766602e-01
9.348487854003906250e-01
9.316012859344482422e-01
9.398145079612731934e-01
9.424002170562744141e-01
9.478924274444580078e-01
9.546411037445068359e-01
9.523690938949584961e-01
9.354458451271057129e-01
9.324166178703308105e-01
9.360502362251281738e-01
9.335575699806213379e-01
9.350484609603881836e-01
9.262583255767822266e-01
9.241725802421569824e-01
9.211096167564392090e-01
9.094497561454772949e-01
9.263656139373779297e-01
9.290543198585510254e-01
9.301201701164245605e-01
9.256916642189025879e-01
9.250923991203308105e-01
9.279948472976684570e-01
9.279062747955322266e-01
9.025655984878540039e-01
8.855975866317749023e-01
8.949579596519470215e-01
9.022116065025329590e-01
9.094362854957580566e-01
9.154850840568542480e-01
9.044198393821716309e-01
9.015804529190063477e-01
8.893944025039672852e-01
8.898869156837463379e-01
8.803961277008056641e-01
8.744182586669921875e-01
8.692771792411804199e-01
8.692741394042968750e-01
8.549640178680419922e-01
8.504920005798339844e-01
8.493929505348205566e-01
8.422864675521850586e-01
8.312972784042358398e-01
8.277539610862731934e-01
8.273641467094421387e-01
8.160626888275146484e-01
8.197406530380249023e-01
8.293094635009765625e-01
8.266835212707519531e-01
8.207421898841857910e-01
8.197005391120910645e-01
8.212375044822692871e-01
8.356626629829406738e-01
8.242428302764892578e-01
8.276944756507873535e-01
8.242923617362976074e-01
8.135302662849426270e-01
8.232874870300292969e-01
8.092054724693298340e-01
8.079494237899780273e-01
8.036221861839294434e-01
7.929993271827697754e-01
7.985035181045532227e-01
8.094940185546875000e-01
7.933741211891174316e-01
7.885984778404235840e-01
7.836020588874816895e-01
7.673606872558593750e-01
7.615102529525756836e-01
7.608435750007629395e-01
7.567552328109741211e-01
7.562512159347534180e-01
7.595103383064270020e-01
7.619915008544921875e-01
7.609947323799133301e-01
7.843399047851562500e-01
7.814807295799255371e-01
7.771136760711669922e-01
7.800884842872619629e-01
7.788427472114562988e-01
7.796767950057983398e-01
7.825742363929748535e-01
8.389674425125122070e-01
8.452062010765075684e-01
8.506109118461608887e-01
8.565583229064941406e-01
8.590046763420104980e-01
8.519251346588134766e-01
8.479907512664794922e-01
8.553599715232849121e-01
8.695573210716247559e-01
8.761300444602966309e-01
8.936340212821960449e-01
9.051088690757751465e-01
8.985595703125000000e-01
9.122679829597473145e-01
9.167765974998474121e-01
9.109870195388793945e-01
9.157662391662597656e-01
9.260044693946838379e-01
9.320626854896545410e-01
9.422652721405029297e-01
9.492459893226623535e-01
9.571312665939331055e-01
9.569884538650512695e-01
9.493644833564758301e-01
9.422658681869506836e-01
9.396802783012390137e-01
9.467670917510986328e-01
9.648368358612060547e-01
9.601161479949951172e-01
9.606130123138427734e-01
9.595434069633483887e-01
9.487077593803405762e-01
9.629368782043457031e-01
9.771593213081359863e-01
9.798831343650817871e-01
9.830408692359924316e-01
9.933284521102905273e-01
9.910150766372680664e-01
9.893485307693481445e-01
9.900690317153930664e-01
9.941645860671997070e-01
9.896183609962463379e-01
1.013205051422119141e+00
9.933101534843444824e-01
9.896436333656311035e-01
9.991602897644042969e-01
9.904317259788513184e-01
9.940615296363830566e-01
1.010825395584106445e+00
1.000595331192016602e+00
9.578121304512023926e-01
9.493517875671386719e-01
9.471473693847656250e-01
9.454784393310546875e-01
9.462234973907470703e-01
9.519991874694824219e-01
9.405937194824218750e-01
9.391593933105468750e-01
9.220196604728698730e-01
9.238908290863037109e-01
9.185674786567687988e-01
9.039523601531982422e-01
9.074695110321044922e-01
9.028396010398864746e-01
9.106130003929138184e-01
9.072508215904235840e-01
9.015029668807983398e-01
8.944170475006103516e-01
8.892213702201843262e-01
8.826307654380798340e-01
8.621505498886108398e-01
8.546205759048461914e-01
8.595779538154602051e-01
8.665633201599121094e-01
8.691737651824951172e-01
8.813678026199340820e-01
8.770646452903747559e-01
8.723920583724975586e-01
8.690469861030578613e-01
8.742834329605102539e-01
8.717278838157653809e-01
8.770768642425537109e-01
8.763062953948974609e-01
8.695345520973205566e-01
8.649345636367797852e-01
8.656030893325805664e-01
8.562828898429870605e-01
8.589594364166259766e-01
8.632082939147949219e-01
8.682916760444641113e-01
8.645293712615966797e-01
8.704780340194702148e-01
8.609690666198730469e-01
8.606833815574645996e-01
8.618983626365661621e-01
8.541085720062255859e-01
8.527209758758544922e-01
8.571522235870361328e-01
8.459671139717102051e-01
8.598903417587280273e-01
8.452996015548706055e-01
8.496931195259094238e-01
8.547762036323547363e-01
8.575608134269714355e-01
8.567562103271484375e-01
8.563487529754638672e-01
8.755580186843872070e-01
8.754146695137023926e-01
8.754800558090209961e-01
8.743234276771545410e-01
8.713179826736450195e-01
8.789837360382080078e-01
8.781383037567138672e-01
8.796097040176391602e-01
8.655571937561035156e-01
8.769289255142211914e-01
8.750329613685607910e-01
8.803270459175109863e-01
8.987631797790527344e-01
9.021619558334350586e-01
9.089927077293395996e-01
9.163706898689270020e-01
9.128437042236328125e-01
9.129351973533630371e-01
9.159012436866760254e-01
9.048755168914794922e-01
9.065167307853698730e-01
9.048917889595031738e-01
9.117278456687927246e-01
9.118824005126953125e-01
9.066680073738098145e-01
9.091827273368835449e-01
9.169278740882873535e-01
9.233365058898925781e-01
9.206172227859497070e-01
9.231990575790405273e-01
9.288602471351623535e-01
9.713296294212341309e-01
9.647769331932067871e-01
9.647356271743774414e-01
9.644271731376647949e-01
9.781665802001953125e-01
9.690548777580261230e-01
9.795324206352233887e-01
9.825730323791503906e-01
9.835316538810729980e-01
9.921257495880126953e-01
9.762447476387023926e-01
9.676287174224853516e-01
9.556173086166381836e-01
9.607975482940673828e-01
9.619734883308410645e-01
9.536235928535461426e-01
9.542803764343261719e-01
9.708962440490722656e-01
9.834184050559997559e-01
9.892161488533020020e-01
9.904353618621826172e-01
9.880425333976745605e-01
9.929966926574707031e-01
9.943561553955078125e-01
9.867705702781677246e-01
9.811281561851501465e-01
9.758183956146240234e-01
9.849048852920532227e-01
9.733254909515380859e-01
9.857814311981201172e-01
9.817439913749694824e-01
9.695961475372314453e-01
9.652434587478637695e-01
9.706693887710571289e-01
9.689488410949707031e-01
9.611572027206420898e-01
9.794175028800964355e-01
9.789232015609741211e-01
9.758636355400085449e-01
9.706368446350097656e-01
9.625450968742370605e-01
9.638709425926208496e-01
9.563160538673400879e-01
9.598140120506286621e-01
9.581231474876403809e-01
9.561860561370849609e-01
9.518805146217346191e-01
9.618089199066162109e-01
9.556742310523986816e-01
9.491748213768005371e-01
9.103225469589233398e-01
9.264851212501525879e-01
9.177935719490051270e-01
9.192423820495605469e-01
9.007503390312194824e-01
8.989115953445434570e-01
8.898532390594482422e-01
8.862484097480773926e-01
8.794457316398620605e-01
8.717814683914184570e-01
8.816400766372680664e-01
8.893445730209350586e-01
9.015818238258361816e-01
9.046003222465515137e-01
9.232994318008422852e-01
9.278867840766906738e-01
9.358315467834472656e-01
9.161978363990783691e-01
9.046575427055358887e-01
8.875116705894470215e-01
8.862100243568420410e-01
8.910434246063232422e-01
8.833004832267761230e-01
8.785457611083984375e-01
8.797580003738403320e-01
9.081696271896362305e-01
9.045712351799011230e-01
8.972418904304504395e-01
8.946300745010375977e-01
8.794267773628234863e-01
8.882259130477905273e-01
8.807278275489807129e-01
8.838149905204772949e-01
8.726820945739746094e-01
8.709754347801208496e-01
8.790661096572875977e-01
8.590468764305114746e-01
8.689052462577819824e-01
8.666419386863708496e-01
8.735563158988952637e-01
8.763450384140014648e-01
8.728507161140441895e-01
8.794049620628356934e-01
8.780683279037475586e-01
8.715001940727233887e-01
8.658934235572814941e-01
8.615317344665527344e-01
8.790270090103149414e-01
8.756056427955627441e-01
8.788498044013977051e-01
8.760634064674377441e-01
8.915421366691589355e-01
8.974958062171936035e-01
8.952816128730773926e-01
8.906912207603454590e-01
8.989517688751220703e-01
8.947139978408813477e-01
8.927145600318908691e-01
8.966726064682006836e-01
8.974674344062805176e-01
8.944735527038574219e-01
8.850638866424560547e-01
8.775579333305358887e-01
8.722052574157714844e-01
8.766740560531616211e-01
8.713353872299194336e-01
8.583853244781494141e-01
8.636495471000671387e-01
8.589643836021423340e-01
8.623548150062561035e-01
8.615883588790893555e-01
8.576042056083679199e-01
8.646408915519714355e-01
8.684296607971191406e-01
8.739970326423645020e-01
8.585836291313171387e-01
8.791054487228393555e-01
8.807970285415649414e-01
8.979394435882568359e-01
8.945641517639160156e-01
8.971623182296752930e-01
9.008268713951110840e-01
9.032488465309143066e-01
9.183658361434936523e-01
9.247278571128845215e-01
9.267049431800842285e-01
9.357084035873413086e-01
9.347876906394958496e-01
9.309469461441040039e-01
9.462003111839294434e-01
9.471108913421630859e-01
9.475677013397216797e-01
9.461073279380798340e-01
9.467476010322570801e-01
9.581160545349121094e-01
9.603592753410339355e-01
9.746794700622558594e-01
9.597563147544860840e-01
9.725647568702697754e-01
9.864652752876281738e-01
9.917846918106079102e-01
9.715369343757629395e-01
9.720534682273864746e-01
9.723489880561828613e-01
9.761440753936767578e-01
9.722936153411865234e-01
9.865617156028747559e-01
nan
nan
nan
nan
nan
nan
nan
nan
nan
nan
nan
nan
nan
nan
nan
nan
nan
nan
nan
nan
nan
nan
nan
nan
nan
nan
nan
nan
nan
nan
nan
nan
nan
nan
nan
nan
nan
nan
nan
nan
nan
nan
nan
nan
nan
nan
nan
nan
nan
nan
9.360564947128295898e-01
9.384632706642150879e-01
9.341512322425842285e-01
9.391023516654968262e-01
9.403485059738159180e-01
9.339899420738220215e-01
9.162113070487976074e-01
9.292457103729248047e-01
9.230760931968688965e-01
9.097722768783569336e-01
9.031837582588195801e-01
8.876858353614807129e-01
8.896030187606811523e-01
8.950990438461303711e-01
9.074029326438903809e-01
9.183821082115173340e-01
8.849002718925476074e-01
8.809039592742919922e-01
8.620651960372924805e-01
8.460047245025634766e-01
8.346793651580810547e-01
8.337870240211486816e-01
8.268129825592041016e-01
8.300665020942687988e-01
8.465026021003723145e-01
8.521575927734375000e-01
8.477131128311157227e-01
8.520216345787048340e-01
8.661891818046569824e-01
8.792476058006286621e-01
8.805978894233703613e-01
8.760865926742553711e-01
8.691161274909973145e-01
8.634610772132873535e-01
8.569732904434204102e-01
8.678367137908935547e-01
8.764089345932006836e-01
8.711113929748535156e-01
8.768814206123352051e-01
8.855222463607788086e-01
8.803769946098327637e-01
8.805015087127685547e-01
8.780193328857421875e-01
8.726882934570312500e-01
8.788899183273315430e-01
8.682561516761779785e-01
8.627350330352783203e-01
8.698784112930297852e-01
8.653939962387084961e-01
8.562514781951904297e-01
8.488771915435791016e-01
8.488615155220031738e-01
8.482968807220458984e-01
8.425775170326232910e-01
8.530499935150146484e-01
8.536501526832580566e-01
8.581085801124572754e-01
8.433517217636108398e-01
8.430423736572265625e-01
8.469646573066711426e-01
8.649997115135192871e-01
8.773414492607116699e-01
8.735299110412597656e-01
8.732048869132995605e-01
8.758879899978637695e-01
8.748369812965393066e-01
9.153736829757690430e-01
9.183861017227172852e-01
9.284438490867614746e-01
9.521410465240478516e-01
9.471337795257568359e-01
9.410350918769836426e-01
9.448809623718261719e-01
9.424628615379333496e-01
9.417079091072082520e-01
9.375708699226379395e-01
9.308983683586120605e-01
9.290236830711364746e-01
9.308278560638427734e-01
9.208195209503173828e-01
9.218969941139221191e-01
9.283397793769836426e-01
9.382393360137939453e-01
9.429882764816284180e-01
9.398356080055236816e-01
9.268570542335510254e-01
9.412308335304260254e-01
9.411895275115966797e-01
9.217340946197509766e-01
9.189579486846923828e-01
9.448427557945251465e-01
9.376102685928344727e-01
9.228483438491821289e-01
9.214044213294982910e-01
9.159675836563110352e-01
9.176447391510009766e-01
9.277615547180175781e-01
9.448822736740112305e-01
9.385994076728820801e-01
9.354902505874633789e-01
9.408330321311950684e-01
9.456182718276977539e-01
9.461095333099365234e-01
9.474522471427917480e-01
9.431729316711425781e-01
9.422638416290283203e-01
9.395580887794494629e-01
9.398099780082702637e-01
9.354572892189025879e-01
9.356992840766906738e-01
9.276206493377685547e-01
9.320542812347412109e-01
9.362561702728271484e-01
9.357983469963073730e-01
9.305078387260437012e-01
9.246308803558349609e-01
8.856756091117858887e-01
8.822009563446044922e-01
8.766334056854248047e-01
8.701984286308288574e-01
8.721503615379333496e-01
8.806940317153930664e-01
8.806846141815185547e-01
8.811534047126770020e-01
8.712534904479980469e-01
8.692227005958557129e-01
8.785673379898071289e-01
8.764481544494628906e-01
8.681694269180297852e-01
8.689250349998474121e-01
8.667146563529968262e-01
8.705495595932006836e-01
8.714515566825866699e-01
8.809397816658020020e-01
8.854779005050659180e-01
8.956351280212402344e-01
8.754943013191223145e-01
8.721228837966918945e-01
8.862136006355285645e-01
8.792880177497863770e-01
8.589915633201599121e-01
8.658276200294494629e-01
8.739833831787109375e-01
8.837580084800720215e-01
8.744400143623352051e-01
8.709620833396911621e-01
8.697572946548461914e-01
8.538186550140380859e-01
8.559752106666564941e-01
8.601510524749755859e-01
8.578469157218933105e-01
8.454730510711669922e-01
8.511638641357421875e-01
8.427985906600952148e-01
8.234521746635437012e-01
8.323884606361389160e-01
8.388750553131103516e-01
8.422698378562927246e-01
8.543227314949035645e-01
8.592939972877502441e-01
8.530153036117553711e-01
8.589806556701660156e-01
8.568627238273620605e-01
8.608229756355285645e-01
8.557648658752441406e-01
8.660718798637390137e-01
8.712046146392822266e-01
8.823394179344177246e-01
8.841860294342041016e-01
8.800990581512451172e-01
8.795188069343566895e-01
8.804444670677185059e-01
8.831560015678405762e-01
8.833457231521606445e-01
8.847921490669250488e-01
8.867669701576232910e-01
8.857309222221374512e-01
8.995380401611328125e-01
8.887528181076049805e-01
8.918673992156982422e-01
8.897313475608825684e-01
8.901013135910034180e-01
8.917371630668640137e-01
8.803324103355407715e-01
8.767938017845153809e-01
8.684774041175842285e-01
8.709640502929687500e-01
8.782436251640319824e-01
8.871346116065979004e-01
9.004664421081542969e-01
9.015976190567016602e-01
8.986238837242126465e-01
8.916426301002502441e-01
8.948776125907897949e-01
9.121174812316894531e-01
9.129609465599060059e-01
9.055439233779907227e-01
9.083086252212524414e-01
8.961970806121826172e-01
9.075494408607482910e-01
9.155778288841247559e-01
9.211802482604980469e-01
9.214448332786560059e-01
9.276286363601684570e-01
9.433843493461608887e-01
9.437037706375122070e-01
9.448052048683166504e-01
9.413385987281799316e-01
9.333583712577819824e-01
9.280374646186828613e-01
9.376155734062194824e-01
9.309318661689758301e-01
9.297798871994018555e-01
9.305064678192138672e-01
9.264736175537109375e-01
9.211379289627075195e-01
9.439059495925903320e-01
9.384944438934326172e-01
1.043792724609375000e+00
1.041216373443603516e+00
1.043274044990539551e+00
1.034245729446411133e+00
1.038921117782592773e+00
1.041677713394165039e+00
1.049607872962951660e+00
1.056471228599548340e+00
1.073779702186584473e+00
1.073631763458251953e+00
1.101712703704833984e+00
1.094647526741027832e+00
1.099026322364807129e+00
1.093975782394409180e+00
1.088457584381103516e+00
1.092246651649475098e+00
1.099802374839782715e+00
1.110618829727172852e+00
1.115018248558044434e+00
1.116561412811279297e+00
1.095496296882629395e+00
1.105676293373107910e+00
1.099675655364990234e+00
1.105313420295715332e+00
1.112617611885070801e+00
1.105975270271301270e+00
1.090387582778930664e+00
1.094477176666259766e+00
1.110803723335266113e+00
1.116395950317382812e+00
1.124305963516235352e+00
1.114756584167480469e+00
1.110409498214721680e+00
1.112012386322021484e+00
1.129361510276794434e+00
1.138044476509094238e+00
1.126611828804016113e+00
1.122161746025085449e+00
1.126282215118408203e+00
1.131295204162597656e+00
1.135298490524291992e+00
1.146227002143859863e+00
1.139405250549316406e+00
1.131644248962402344e+00
1.129252195358276367e+00
1.132071971893310547e+00
1.144502758979797363e+00
1.138824343681335449e+00
1.114479541778564453e+00
1.123664617538452148e+00
1.014404535293579102e+00
1.021731019020080566e+00
1.022024512290954590e+00
1.020363450050354004e+00
1.017295360565185547e+00
1.018632411956787109e+00
1.009367585182189941e+00
9.961035251617431641e-01
9.813107848167419434e-01
9.711780548095703125e-01
9.639260768890380859e-01
9.709091186523437500e-01
9.715172648429870605e-01
9.610831737518310547e-01
9.704529047012329102e-01
9.646717309951782227e-01
9.650965929031372070e-01
9.581916928291320801e-01
9.544192552566528320e-01
9.515258669853210449e-01
9.712685942649841309e-01
9.463515281677246094e-01
9.497121572494506836e-01
9.654360413551330566e-01
9.588268995285034180e-01
9.804580211639404297e-01
9.899151325225830078e-01
9.952495098114013672e-01
9.875876903533935547e-01
9.856439232826232910e-01
1.002640247344970703e+00
1.009451508522033691e+00
1.006624937057495117e+00
1.001924872398376465e+00
9.823246002197265625e-01
9.914144873619079590e-01
9.994747638702392578e-01
1.006771445274353027e+00
9.952847361564636230e-01
9.957830309867858887e-01
9.964901804924011230e-01
9.795318841934204102e-01
9.777030348777770996e-01
9.840174317359924316e-01
9.862373471260070801e-01
9.817883968353271484e-01
9.751071333885192871e-01
9.672699570655822754e-01
9.810756444931030273e-01
9.738339781761169434e-01
9.764128923416137695e-01
9.745662808418273926e-01
9.718104600906372070e-01
9.749587774276733398e-01
9.672145843505859375e-01
9.595170617103576660e-01
9.648798108100891113e-01
9.759308099746704102e-01
9.689701795578002930e-01
9.701510071754455566e-01
9.637845754623413086e-01
9.581980109214782715e-01
9.537192583084106445e-01
9.580209851264953613e-01
9.465942978858947754e-01
9.488160014152526855e-01
9.397732615470886230e-01
9.360471963882446289e-01
9.369255900382995605e-01
9.233512282371520996e-01
9.098704457283020020e-01
9.163644313812255859e-01
9.177207350730895996e-01
8.974280357360839844e-01
9.138687252998352051e-01
8.896026015281677246e-01
8.776866197586059570e-01
8.608858585357666016e-01
8.437534570693969727e-01
8.415895104408264160e-01
8.276789188385009766e-01
8.122618794441223145e-01
8.108875751495361328e-01
8.127540349960327148e-01
8.084571361541748047e-01
7.871423959732055664e-01
7.838156819343566895e-01
7.752380967140197754e-01
7.715356945991516113e-01
7.632454633712768555e-01
7.613877058029174805e-01
7.657277584075927734e-01
7.663810253143310547e-01
7.687135338783264160e-01
7.612294554710388184e-01
7.566030025482177734e-01
7.691361904144287109e-01
7.872070074081420898e-01
7.761957049369812012e-01
7.725407481193542480e-01
7.711102962493896484e-01
7.650794982910156250e-01
7.689552307128906250e-01
7.628790140151977539e-01
7.695764303207397461e-01
7.706911563873291016e-01
7.694457769393920898e-01
7.672006487846374512e-01
7.720378637313842773e-01
7.633770108222961426e-01
7.692685723304748535e-01
7.639492154121398926e-01
7.624873518943786621e-01
7.706596851348876953e-01
7.772718071937561035e-01
7.732138037681579590e-01
7.728862762451171875e-01
7.743020057678222656e-01
7.769618034362792969e-01
7.829769849777221680e-01
7.829183340072631836e-01
7.774006724357604980e-01
7.740020155906677246e-01
7.848832011222839355e-01
7.765950560569763184e-01
7.834960818290710449e-01
7.995259761810302734e-01
7.934839725494384766e-01
7.980618476867675781e-01
7.932859659194946289e-01
7.946171760559082031e-01
7.989412546157836914e-01
7.922363877296447754e-01
7.890393733978271484e-01
7.855936288833618164e-01
7.849810123443603516e-01
7.803913950920104980e-01
7.952588796615600586e-01
8.019964098930358887e-01
8.116875290870666504e-01
8.072991371154785156e-01
8.082831501960754395e-01
8.079989552497863770e-01
8.034488558769226074e-01
8.084005117416381836e-01
8.108407855033874512e-01
7.995455861091613770e-01
7.912458777427673340e-01
7.886672019958496094e-01
7.907651662826538086e-01
7.907727956771850586e-01
7.898493409156799316e-01
7.838507294654846191e-01
7.868606448173522949e-01
7.881789207458496094e-01
7.964698076248168945e-01
7.901033759117126465e-01
7.853019833564758301e-01
7.784479260444641113e-01
7.945848107337951660e-01
7.894697785377502441e-01
8.020892143249511719e-01
7.960817217826843262e-01
7.881819009780883789e-01
7.831528186798095703e-01
7.889621853828430176e-01
7.855339050292968750e-01
7.847293019294738770e-01
7.872468829154968262e-01
7.928314208984375000e-01
8.047329783439636230e-01
8.068847656250000000e-01
8.089540004730224609e-01
7.983471155166625977e-01
7.933656573295593262e-01
7.793822288513183594e-01
7.696610093116760254e-01
7.810445427894592285e-01
7.941462993621826172e-01
7.901825904846191406e-01
7.885906696319580078e-01
7.952520847320556641e-01
8.071593642234802246e-01
8.094565868377685547e-01
8.172473907470703125e-01
8.325530886650085449e-01
8.380661010742187500e-01
8.334789276123046875e-01
8.336064815521240234e-01
8.463416099548339844e-01
8.536713123321533203e-01
8.627113103866577148e-01
8.542589545249938965e-01
8.458595275878906250e-01
8.454586267471313477e-01
8.462238311767578125e-01
8.360629081726074219e-01
8.364252448081970215e-01
8.352124094963073730e-01
8.325613141059875488e-01
nan
nan
nan
nan
nan
nan
nan
nan
nan
nan
nan
nan
nan
nan
nan
nan
nan
nan
nan
nan
nan
nan
nan
nan
nan
nan
nan
nan
nan
nan
nan
nan
nan
nan
nan
nan
nan
nan
nan
nan
nan
nan
nan
nan
nan
nan
nan
nan
nan
nan
8.412078619003295898e-01
8.343979716300964355e-01
8.227903246879577637e-01
8.166966438293457031e-01
8.120604753494262695e-01
8.123710751533508301e-01
8.071977496147155762e-01
8.099123239517211914e-01
8.046176433563232422e-01
7.950505614280700684e-01
7.832126021385192871e-01
7.867666482925415039e-01
7.885367870330810547e-01
7.860469222068786621e-01
7.997071743011474609e-01
7.877431511878967285e-01
7.856828570365905762e-01
7.811421751976013184e-01
7.819974422454833984e-01
7.497643232345581055e-01
7.492057085037231445e-01
7.548174858093261719e-01
7.675276994705200195e-01
7.782230973243713379e-01
7.735916972160339355e-01
7.698260545730590820e-01
7.692286968231201172e-01
7.790982127189636230e-01
7.816647887229919434e-01
7.775789499282836914e-01
7.852595448493957520e-01
7.971682548522949219e-01
7.974402904510498047e-01
8.082142472267150879e-01
8.061389327049255371e-01
7.850940227508544922e-01
7.845879197120666504e-01
7.722492218017578125e-01
7.780420780181884766e-01
7.895319461822509766e-01
7.903615832328796387e-01
7.919000983238220215e-01
7.825475931167602539e-01
7.791237831115722656e-01
7.763150930404663086e-01
7.793447375297546387e-01
7.808216810226440430e-01
7.662273645401000977e-01
7.566433548927307129e-01
7.579481005668640137e-01
7.605993747711181641e-01
7.807300090789794922e-01
7.841753959655761719e-01
7.910699248313903809e-01
7.906801700592041016e-01
7.912425994873046875e-01
7.948358058929443359e-01
7.958145141601562500e-01
8.082618117332458496e-01
8.155861496925354004e-01
8.213135004043579102e-01
8.169335126876831055e-01
8.148223161697387695e-01
8.201802968978881836e-01
8.169183135032653809e-01
8.226901888847351074e-01
8.406499624252319336e-01
8.476850986480712891e-01
8.505567312240600586e-01
8.726934790611267090e-01
8.750993609428405762e-01
8.715395927429199219e-01
8.624551296234130859e-01
8.488042354583740234e-01
8.538483977317810059e-01
8.565139174461364746e-01
8.629452586174011230e-01
8.575128316879272461e-01
8.586823940277099609e-01
8.645681142807006836e-01
8.566110134124755859e-01
8.425506353378295898e-01
8.513358831405639648e-01
8.468675017356872559e-01
8.631014227867126465e-01
8.743110895156860352e-01
8.733204007148742676e-01
8.760594725608825684e-01
8.786445856094360352e-01
8.790933489799499512e-01
8.824638128280639648e-01
8.736905455589294434e-01
8.755683898925781250e-01
8.728217482566833496e-01
8.774819970130920410e-01
8.648698329925537109e-01
8.635452389717102051e-01
8.805139064788818359e-01
8.879309296607971191e-01
8.861888051033020020e-01
8.926171660423278809e-01
8.638210296630859375e-01
8.627313971519470215e-01
8.515076637268066406e-01
8.541114330291748047e-01
8.621458411216735840e-01
8.731915950775146484e-01
8.679721355438232422e-01
8.675205707550048828e-01
8.828335404396057129e-01
8.739492297172546387e-01
8.747770786285400391e-01
8.806653022766113281e-01
8.833477497100830078e-01
8.858388662338256836e-01
8.835257887840270996e-01
8.900167942047119141e-01
8.758068680763244629e-01
8.774282932281494141e-01
8.592317104339599609e-01
8.592808246612548828e-01
8.611146807670593262e-01
8.641909956932067871e-01
8.775726556777954102e-01
8.729928731918334961e-01
8.753644824028015137e-01
8.735792636871337891e-01
8.735073804855346680e-01
8.753727078437805176e-01
8.770456910133361816e-01
8.807636499404907227e-01
8.751016259193420410e-01
8.707856535911560059e-01
8.702663183212280273e-01
8.569377064704895020e-01
8.575592041015625000e-01
8.575755357742309570e-01
8.574254512786865234e-01
8.540519475936889648e-01
8.417668938636779785e-01
8.480656147003173828e-01
8.527462482452392578e-01
8.587535023689270020e-01
8.660107254981994629e-01
8.659402728080749512e-01
8.699519634246826172e-01
8.636395931243896484e-01
8.474853038787841797e-01
8.451992869377136230e-01
8.448358178138732910e-01
8.453499078750610352e-01
8.552464842796325684e-01
8.580827116966247559e-01
8.617754578590393066e-01
8.652727603912353516e-01
8.641164302825927734e-01
8.512069582939147949e-01
8.581528663635253906e-01
8.505118489265441895e-01
8.338657617568969727e-01
8.457151055335998535e-01
8.394078612327575684e-01
8.363655209541320801e-01
8.354736566543579102e-01
8.331329822540283203e-01
8.320813775062561035e-01
8.061912655830383301e-01
8.170079588890075684e-01
8.189626932144165039e-01
8.267375826835632324e-01
8.230550885200500488e-01
8.255916833877563477e-01
8.320182561874389648e-01
8.266937136650085449e-01
8.272497057914733887e-01
8.326955437660217285e-01
8.298966884613037109e-01
8.212234973907470703e-01
8.293672204017639160e-01
8.437801599502563477e-01
8.340455889701843262e-01
8.482254743576049805e-01
8.474870920181274414e-01
8.469402194023132324e-01
8.422067761421203613e-01
8.378841876983642578e-01
8.425464034080505371e-01
8.437889814376831055e-01
8.503512740135192871e-01
8.482003808021545410e-01
8.437632918357849121e-01
8.471086621284484863e-01
8.378641009330749512e-01
8.325581550598144531e-01
8.318009972572326660e-01
8.196656703948974609e-01
8.190050721168518066e-01
8.293089270591735840e-01
8.220405578613281250e-01
8.255963325500488281e-01
8.253518939018249512e-01
8.282772898674011230e-01
8.255716562271118164e-01
8.227580785751342773e-01
8.172693848609924316e-01
8.143747448921203613e-01
8.192844986915588379e-01
nan
nan
nan
nan
nan
nan
nan
nan
nan
nan
nan
nan
nan
nan
nan
nan
nan
nan
nan
nan
nan
nan
nan
nan
nan
nan
nan
nan
nan
nan
nan
nan
nan
nan
nan
nan
nan
nan
nan
nan
nan
nan
nan
nan
nan
nan
nan
nan
nan
nan
8.795173168182373047e-01
8.810579776763916016e-01
8.841757774353027344e-01
8.827508687973022461e-01
8.839827775955200195e-01
8.937971591949462891e-01
8.880696296691894531e-01
8.934822082519531250e-01
8.990419507026672363e-01
9.053072929382324219e-01
9.017640948295593262e-01
9.007120728492736816e-01
9.001893401145935059e-01
9.096602797508239746e-01
8.981963992118835449e-01
8.959644436836242676e-01
8.704984784126281738e-01
8.778452277183532715e-01
8.679537177085876465e-01
8.635548353195190430e-01
8.571316003799438477e-01
8.522772789001464844e-01
8.480998277664184570e-01
8.523429036140441895e-01
8.564810752868652344e-01
8.420869708061218262e-01
8.438819646835327148e-01
8.493684530258178711e-01
8.449133038520812988e-01
8.504794836044311523e-01
8.390151858329772949e-01
8.450447916984558105e-01
8.424319624900817871e-01
8.403647541999816895e-01
8.449500799179077148e-01
8.396360278129577637e-01
8.445032238960266113e-01
8.309019207954406738e-01
8.327017426490783691e-01
8.369077444076538086e-01
8.373637199401855469e-01
8.450905680656433105e-01
8.472845554351806641e-01
8.359830975532531738e-01
8.276906013488769531e-01
8.332672715187072754e-01
8.275789022445678711e-01
8.267459273338317871e-01
8.296449780464172363e-01
8.312688469886779785e-01
8.307171463966369629e-01
8.254626989364624023e-01
8.180248737335205078e-01
8.184147477149963379e-01
8.104622364044189453e-01
8.033229112625122070e-01
8.092830181121826172e-01
8.040356636047363281e-01
7.984632849693298340e-01
8.091201782226562500e-01
8.182007074356079102e-01
8.262178301811218262e-01
8.447067141532897949e-01
8.353019952774047852e-01
8.323779106140136719e-01
8.363884687423706055e-01
8.480815291404724121e-01
8.458282351493835449e-01
8.533101081848144531e-01
8.690516948699951172e-01
8.661177754402160645e-01
8.841904401779174805e-01
8.786215782165527344e-01
8.790729641914367676e-01
8.808115124702453613e-01
8.905171155929565430e-01
8.962288498878479004e-01
8.988159894943237305e-01
8.968991041183471680e-01
8.995178341865539551e-01
9.034753441810607910e-01
9.038574695587158203e-01
9.478156566619873047e-01
9.426627159118652344e-01
9.408850073814392090e-01
9.459331035614013672e-01
9.385052323341369629e-01
9.439747333526611328e-01
9.409152269363403320e-01
9.249354600906372070e-01
9.194046854972839355e-01
9.227629303932189941e-01
9.203379154205322266e-01
9.370157718658447266e-01
9.267073869705200195e-01
9.327456951141357422e-01
9.275673627853393555e-01
9.178208708763122559e-01
9.337069988250732422e-01
9.307101368904113770e-01
9.313560724258422852e-01
1.060076236724853516e+00
1.056870341300964355e+00
1.062009692192077637e+00
1.064951300621032715e+00
1.062418580055236816e+00
1.070380330085754395e+00
1.073828697204589844e+00
1.076605200767517090e+00
1.066723704338073730e+00
1.058494687080383301e+00
1.059189200401306152e+00
1.043268322944641113e+00
1.042312145233154297e+00
1.045148730278015137e+00
1.046904206275939941e+00
1.042513847351074219e+00
1.047287583351135254e+00
1.044005632400512695e+00
1.035172820091247559e+00
1.039715051651000977e+00
1.037399172782897949e+00
1.042860388755798340e+00
1.038976550102233887e+00
1.035614967346191406e+00
1.041221261024475098e+00
1.036205291748046875e+00
1.031806707382202148e+00
1.028148174285888672e+00
1.024827003479003906e+00
1.026793360710144043e+00
1.031825184822082520e+00
9.845035076141357422e-01
9.777420163154602051e-01
9.819858670234680176e-01
9.919194579124450684e-01
1.011489987373352051e+00
1.011916160583496094e+00
1.013059735298156738e+00
1.034953832626342773e+00
1.033390402793884277e+00
1.024431467056274414e+00
1.024847388267517090e+00
1.030097961425781250e+00
1.043984413146972656e+00
1.024487733840942383e+00
1.032780647277832031e+00
1.036401033401489258e+00
1.026539444923400879e+00
1.019266247749328613e+00
1.011337161064147949e+00
8.732205033302307129e-01
8.761126995086669922e-01
8.777477741241455078e-01
8.827854394912719727e-01
8.831256031990051270e-01
8.744905591011047363e-01
8.719143867492675781e-01
8.840959668159484863e-01
8.972495198249816895e-01
8.992148041725158691e-01
9.077305793762207031e-01
9.194995760917663574e-01
9.210311174392700195e-01
9.212250709533691406e-01
9.207117557525634766e-01
9.288245439529418945e-01
9.295983910560607910e-01
9.476798772811889648e-01
9.373443722724914551e-01
9.309427142143249512e-01
9.238655567169189453e-01
9.171075224876403809e-01
9.128984212875366211e-01
9.104431867599487305e-01
9.190294146537780762e-01
9.116847515106201172e-01
9.311390519142150879e-01
9.352502226829528809e-01
9.308844804763793945e-01
9.285252094268798828e-01
9.206674695014953613e-01
9.300343990325927734e-01
9.432191252708435059e-01
9.356916546821594238e-01
9.308429956436157227e-01
9.156854152679443359e-01
9.092456698417663574e-01
9.260987043380737305e-01
9.031115174293518066e-01
9.182791709899902344e-01
9.233790040016174316e-01
9.233575463294982910e-01
9.087092876434326172e-01
9.037421941757202148e-01
9.146564602851867676e-01
9.162685871124267578e-01
9.185565710067749023e-01
9.240800738334655762e-01
9.304244518280029297e-01
9.460116624832153320e-01
9.576091170310974121e-01
9.559040069580078125e-01
9.479950070381164551e-01
9.495326876640319824e-01
9.413786530494689941e-01
9.455754160881042480e-01
9.466906785964965820e-01
9.325131177902221680e-01
9.300376176834106445e-01
9.351127743721008301e-01
9.258285760879516602e-01
9.206277728080749512e-01
9.172711968421936035e-01
9.196799993515014648e-01
9.126484394073486328e-01
8.970104455947875977e-01
8.927517533302307129e-01
8.742492794990539551e-01
8.838639259338378906e-01
8.826278448104858398e-01
8.810388445854187012e-01
8.924646973609924316e-01
8.923161029815673828e-01
8.882749676704406738e-01
8.790442943572998047e-01
8.858271241188049316e-01
8.546236157417297363e-01
8.544185757637023926e-01
8.579152822494506836e-01
8.699986934661865234e-01
8.800658583641052246e-01
8.760538697242736816e-01
8.764116764068603516e-01
8.837534189224243164e-01
8.933752179145812988e-01
8.866958022117614746e-01
9.025849699974060059e-01
8.895512223243713379e-01
8.913380503654479980e-01
8.788498044013977051e-01
8.752425909042358398e-01
8.761090040206909180e-01
8.801014423370361328e-01
8.908985257148742676e-01
9.028254151344299316e-01
9.020377993583679199e-01
9.020982980728149414e-01
9.001187682151794434e-01
9.079710245132446289e-01
9.015867710113525391e-01
8.940111398696899414e-01
8.950084447860717773e-01
9.048068523406982422e-01
8.970559835433959961e-01
9.238338470458984375e-01
9.248366355895996094e-01
9.330632686614990234e-01
9.354482889175415039e-01
9.154643416404724121e-01
9.040793776512145996e-01
9.141559004783630371e-01
9.151181578636169434e-01
9.154860973358154297e-01
9.126047492027282715e-01
9.197260141372680664e-01
9.334804415702819824e-01
9.302773475646972656e-01
9.433692097663879395e-01
9.442688822746276855e-01
9.559503793716430664e-01
9.696823358535766602e-01
9.667712450027465820e-01
9.673707485198974609e-01
9.700812697410583496e-01
9.654853343963623047e-01
9.804260730743408203e-01
9.944969415664672852e-01
9.943171143531799316e-01
9.896340370178222656e-01
9.808872938156127930e-01
9.701165556907653809e-01
9.728502631187438965e-01
9.684709310531616211e-01
9.645888805389404297e-01
9.610356092453002930e-01
9.631765484809875488e-01
9.444802999496459961e-01
9.365561604499816895e-01
9.351488351821899414e-01
9.502634406089782715e-01
9.430697560310363770e-01
9.425092339515686035e-01
9.427443742752075195e-01
9.341643452644348145e-01
9.232447147369384766e-01
9.233840703964233398e-01
9.240241050720214844e-01
9.193753600120544434e-01
9.334411621093750000e-01
9.405858516693115234e-01
9.474994540214538574e-01
9.472898244857788086e-01
